0
0
0
0
0
0
0.03
0
0
1.33
0
0
0.15
0
0
0.04
0.29
0.20
0.01
0
0
0
0
0
0
T
0.16
0.21
0.30
0
0
0
0
0
0
0
0
T
T
0.18
0
0.04
0.01
0.02
0
0.08
0.84
0
0
0
0
T
T
0.12
T
0
T
0.07
0.05
0.41
0.19
0.75
0
0
0
0
0.15
0
0
0.04
0.88
0
0.59
0
0
T
0.47
0
0
0
0
0
0.15
0
0
1.62
0.04
0.02
0.20
0
0
T
0
T
0.01
0
T
T
0
0
0.01
0.01
T
0
T
0
0.11
T
0
T
0
0
0.34
0.02
0
0
0
0
0
0
0
0
0
0.45
0.42
1.62
0
0.14
0
0
0
0.02
0
0
0
0
T
0
0
0
0
0
0
0.33
0.03
0.15
0
T
T
T
0.11
T
0
0
0
T
0
T
0.20
0.03
0
0
0
0
0
0.10
0
0
0
0
0
0.22
0.08
0.22
0
0
0
0
0
0
0
0.30
0.04
0
0
0
0
0
0
0
0
0
0
0
0
0
0
0
0
0
0
0
0
0
0
0
0
0
0
0
0
0
0
0
0
0
0
0
0
0
0
0
0
0
0
0.03
0
0
0
0
0.15
0
0
0
0
0
0
3.55
1.72
0.06
0.72
2.05
1.20
0.15
T
0.45
T
0.50
T
0
0
0.08
0
0
0
0
0
0
0
0
0
0
0
0.03
0.50
0
0
0
0
0
0
0
0
0
0
0
0
T
T
0
0
T
0.06
1.13
1.00
0.27
0
0
0
0
0
0
0
0
0
0
0
0
0
0
0
0
0
0
0
0
0
0
0
0
0
0.21
0.03
0
T
0.06
0
0.07
7.55
0.01
0.03
0
0.11
0
T
0
0
0
0
0
T
1.91
0.02
0
0.05
0.52
0.01
0.02
0.02
0
999.99
1.38
0
0
0.61
0
0.28
0
1.39
0.31
0
0
0
0
0
0
0
0
0.03
0
0
0
0
0
0
