0
0
0
0
0
0
0
T
0.618111
0
0
0
0
0
0
0
0
0
0
0
0
0
0
0.149606
5.669294
0
0
0
0
0.38189
0.480315
T
T
T
1.700788
0.059055
0
0
0
0
0.098425
0
T
0.188976
0
0
T
0.590552
1.098426
0
0
0
0
0
0
0
0
0.031496
T
T
0
0
0
0
0
0
T
0.110236
1.078741
0.649607
0.279528
0
0
0
0
0
0
T
0
2.688978
0
0
0
0
0
0
0
0.279528
0
0
0
0
0
0.070866
0
0
0
0
0
999.99
0
0
0
0
0
T
0
0
0
0
0
0
0
0
0
0
0
0
0
0
0
0
0
0
0
0
0.728347
0.059055
0.11811
0.330709
2.850395
0
0
0
0.598426
0.598426
0
0
0
0
0
0
0
0
0
0
0
0
0
0
0
0
0
0
0
0
0
0
0
0.031496
0
0
0
0.181102
0
0
0
0
0
0
0
0
999.99
0
0
0
0
0
0
0
0
0
0.409449
0
0
0
0
0
0
0
0.38189
0.251969
0.440945
0.098425
T
0
2.228348
0
0
0
0
0
0
0
0
0
0
0
0
0
0
0
0
0
0
0
0
0
0
0
0
0
0
0
0
0
0
0
0
0
2.83071
0.031496
0
0
0
0
0
0
0.169291
0
0
0
0
0
0
0
0
0
0
0
0
0
0
0
0
0
0.07874
1.40945
0
1.291339
0
0
0
0
0
0
0
0
0
0
0
0.42126
1.551182
0
0
0
0
0
0
0
0
0
0
0
0.5
0
0.051181
0.059055
0
0.141732
0
0
0
0
0
0
0
0
0
0.090551
0
0
0
0
0
0
0
0
0
0
0
0
0
0
0
0
0
0
0
0
0
0
0
0
0
0
0
0
0
0
0
0
0
0
0
0
0
0
T
0
0
0
0
0
0
0
0
0
0
0.031496
0.42126
0
0
0
0
0
0
0
0
0
0
0
T
0
0
0.358268
