0
0
0
0
0
0
0
T
6.18
0
0
0
0
0
0
0
0
0
0
0
0
0
0
1.49
56.69
0
0
0
0
3.81
4.80
T
T
T
17.00
0.59
0
0
0
0
0.98
0
T
1.88
0
0
T
5.90
10.98
0
0
0
0
0
0
0
0
T
T
T
0
0
0
0
0
0
T
1.10
10.78
6.49
2.79
0
0
0
0
0
0
T
0
26.88
0
0
0
0
0
0
0
2.79
0
0
0
0
0
0.70
0
0
0
0
0
999.99
0
0
0
0
0
T
0
0
0
0
0
0
0
0
0
0
0
0
0
0
0
0
0
0
0
0
7.28
0.59
1.18
3.30
28.50
0
0
0
5.98
5.98
0
0
0
0
0
0
0
0
0
0
0
0
0
0
0
0
0
0
0
0
0
0
0
T
0
0
0
1.81
0
0
0
0
0
0
0
0
0
0
0
0
0
0
0
0
0
0
4.09
0
0
0
0
0
0
0
3.81
2.51
4.40
0.98
T
0
22.28
0
0
0
0
0
0
0
0
0
0
0
0
0
0
0
0
0
0
0
0
0
0
0
0
0
0
0
0
0
0
0
0
0
28.30
T
0
0
0
0
0
0
1.69
0
0
0
0
0
0
0
0
0
0
0
0
0
0
0
0
0
0.78
14.09
0
12.91
0
0
0
0
0
0
0
0
0
0
0
4.21
15.51
0
0
0
0
0
0
0
0
0
0
0
5.00
0
0.51
0.59
0
1.41
0
0
0
0
0
0
0
0
0
0.90
0
0
0
0
0
0
0
0
0
0
0
0
0
0
0
0
0
0
0
0
0
0
0
0
0
0
0
0
0
0
0
0
0
0
0
0
0
0
T
0
0
0
0
0
0
0
0
0
0
T
4.21
0
0
0
0
0
0
0
0
0
0
0
T
0
0
3.58
