STATION,DATE,PRCP,SNWD,SNOW,TMAX,TMIN,WESD,AWND,WDF2,WDF5,WSF2,WSF5,PGTM,FMTM,WT09,WT14,WT07,WT01,WT17,WT21,WT05,WT02,WT11,WT22,WT04,WT13,WT16,WT08,WT18,WT03,WT19
GHCND:USW00013904,20120101,0,0,0,172,11,-9999,62,10,20,116,165,-9999,-9999,-9999,-9999,-9999,-9999,-9999,-9999,-9999,-9999,-9999,-9999,-9999,-9999,-9999,-9999,-9999,-9999,-9999
GHCND:USW00013904,20120102,0,0,0,156,-11,-9999,42,20,20,98,116,-9999,-9999,-9999,-9999,-9999,-9999,-9999,-9999,-9999,-9999,-9999,-9999,-9999,-9999,-9999,-9999,-9999,-9999,-9999
GHCND:USW00013904,20120103,0,0,0,167,-39,-9999,26,180,180,72,98,-9999,-9999,-9999,-9999,-9999,-9999,-9999,-9999,-9999,-9999,-9999,-9999,-9999,-9999,-9999,-9999,-9999,-9999,-9999
GHCND:USW00013904,20120104,0,0,0,217,-6,-9999,21,200,200,72,98,-9999,-9999,-9999,-9999,-9999,1,-9999,-9999,-9999,-9999,-9999,-9999,-9999,1,-9999,-9999,-9999,-9999,-9999
GHCND:USW00013904,20120105,0,0,0,217,33,-9999,10,190,190,54,63,-9999,-9999,-9999,-9999,-9999,-9999,-9999,-9999,-9999,-9999,-9999,-9999,-9999,-9999,-9999,-9999,-9999,-9999,-9999
GHCND:USW00013904,20120106,0,0,0,239,61,-9999,48,190,200,107,143,-9999,-9999,-9999,1,-9999,1,-9999,-9999,-9999,1,-9999,-9999,-9999,1,-9999,-9999,-9999,-9999,-9999
GHCND:USW00013904,20120107,0,0,0,211,78,-9999,15,330,320,63,80,-9999,-9999,-9999,-9999,-9999,-9999,-9999,-9999,-9999,1,-9999,-9999,-9999,1,-9999,-9999,-9999,-9999,-9999
GHCND:USW00013904,20120108,3,0,0,161,56,-9999,36,50,50,67,89,-9999,-9999,-9999,-9999,-9999,1,-9999,-9999,-9999,-9999,-9999,-9999,-9999,1,1,-9999,-9999,-9999,-9999
GHCND:USW00013904,20120109,157,0,0,144,61,-9999,56,10,300,94,112,-9999,-9999,-9999,1,-9999,-9999,-9999,-9999,-9999,-9999,-9999,-9999,-9999,-9999,1,-9999,-9999,1,-9999
GHCND:USW00013904,20120110,0,0,0,156,17,-9999,38,280,280,94,143,-9999,-9999,-9999,1,-9999,-9999,-9999,-9999,-9999,-9999,-9999,-9999,-9999,-9999,-9999,-9999,-9999,-9999,-9999
GHCND:USW00013904,20120111,0,0,0,244,-17,-9999,44,340,330,112,161,-9999,-9999,-9999,-9999,-9999,-9999,-9999,-9999,-9999,-9999,-9999,-9999,-9999,-9999,-9999,-9999,-9999,-9999,-9999
GHCND:USW00013904,20120112,0,0,0,106,-22,-9999,62,360,360,148,197,-9999,-9999,-9999,-9999,-9999,-9999,-9999,-9999,-9999,-9999,-9999,-9999,-9999,-9999,-9999,-9999,-9999,-9999,-9999
GHCND:USW00013904,20120113,0,0,0,150,-33,-9999,17,170,180,54,67,-9999,-9999,-9999,-9999,-9999,-9999,-9999,-9999,-9999,-9999,-9999,-9999,-9999,-9999,-9999,-9999,-9999,-9999,-9999
GHCND:USW00013904,20120114,0,0,0,189,-56,-9999,20,200,200,63,80,-9999,-9999,-9999,-9999,-9999,-9999,-9999,-9999,-9999,-9999,-9999,-9999,-9999,-9999,-9999,-9999,-9999,-9999,-9999
GHCND:USW00013904,20120115,0,0,0,178,-33,-9999,31,190,180,89,107,-9999,-9999,-9999,1,-9999,-9999,-9999,-9999,-9999,-9999,-9999,-9999,-9999,-9999,-9999,-9999,-9999,-9999,-9999
GHCND:USW00013904,20120116,0,0,0,244,150,-9999,60,190,190,130,165,-9999,-9999,-9999,-9999,-9999,1,-9999,-9999,-9999,-9999,-9999,-9999,-9999,-9999,1,-9999,-9999,-9999,-9999
GHCND:USW00013904,20120117,0,0,0,239,61,-9999,62,10,10,107,134,-9999,-9999,-9999,1,-9999,-9999,-9999,-9999,-9999,-9999,-9999,-9999,-9999,1,-9999,1,-9999,-9999,-9999
GHCND:USW00013904,20120118,0,0,0,178,17,-9999,34,360,10,89,112,-9999,-9999,-9999,-9999,-9999,-9999,-9999,-9999,-9999,-9999,-9999,-9999,-9999,-9999,-9999,-9999,-9999,-9999,-9999
GHCND:USW00013904,20120119,0,0,0,250,78,-9999,43,210,210,98,130,-9999,-9999,-9999,-9999,-9999,1,-9999,-9999,-9999,-9999,-9999,-9999,-9999,-9999,-9999,-9999,-9999,-9999,-9999
GHCND:USW00013904,20120120,0,0,0,239,100,-9999,34,180,190,80,107,-9999,-9999,-9999,-9999,-9999,1,-9999,-9999,-9999,1,-9999,-9999,-9999,1,-9999,-9999,-9999,-9999,-9999
GHCND:USW00013904,20120121,0,0,0,144,61,-9999,34,350,350,89,103,-9999,-9999,-9999,-9999,-9999,1,-9999,-9999,-9999,1,-9999,-9999,-9999,1,-9999,-9999,-9999,-9999,-9999
GHCND:USW00013904,20120122,0,0,0,233,61,-9999,32,190,200,94,112,-9999,-9999,-9999,1,-9999,-9999,-9999,-9999,-9999,-9999,-9999,-9999,-9999,1,-9999,-9999,-9999,-9999,-9999
GHCND:USW00013904,20120123,0,0,0,189,44,-9999,28,20,20,63,80,-9999,-9999,-9999,-9999,-9999,-9999,-9999,-9999,-9999,-9999,-9999,-9999,-9999,-9999,-9999,-9999,-9999,-9999,-9999
GHCND:USW00013904,20120124,38,0,0,206,44,-9999,23,150,150,67,94,-9999,-9999,-9999,-9999,-9999,-9999,-9999,-9999,-9999,-9999,-9999,-9999,-9999,1,1,-9999,-9999,-9999,-9999
GHCND:USW00013904,20120125,1440,0,0,211,106,-9999,43,10,220,125,161,-9999,-9999,-9999,-9999,-9999,-9999,-9999,-9999,-9999,-9999,-9999,-9999,-9999,1,1,-9999,-9999,1,-9999
GHCND:USW00013904,20120126,0,0,0,206,39,-9999,32,350,320,72,112,-9999,-9999,-9999,-9999,-9999,-9999,-9999,-9999,-9999,-9999,-9999,-9999,-9999,-9999,-9999,-9999,-9999,-9999,-9999
GHCND:USW00013904,20120127,0,0,0,217,0,-9999,32,180,190,112,148,-9999,-9999,-9999,-9999,-9999,-9999,-9999,-9999,-9999,-9999,-9999,-9999,-9999,-9999,-9999,-9999,-9999,-9999,-9999
GHCND:USW00013904,20120128,0,0,0,156,11,-9999,67,10,10,125,143,-9999,-9999,-9999,-9999,-9999,-9999,-9999,-9999,-9999,-9999,-9999,-9999,-9999,-9999,-9999,-9999,-9999,-9999,-9999
GHCND:USW00013904,20120129,0,0,0,172,-17,-9999,16,190,150,45,63,-9999,-9999,-9999,-9999,-9999,-9999,-9999,-9999,-9999,-9999,-9999,-9999,-9999,-9999,-9999,-9999,-9999,-9999,-9999
GHCND:USW00013904,20120130,97,0,0,183,6,-9999,23,180,190,72,89,-9999,-9999,-9999,-9999,-9999,1,-9999,-9999,-9999,-9999,-9999,-9999,-9999,1,1,-9999,-9999,-9999,-9999
GHCND:USW00013904,20120131,122,0,0,222,117,-9999,29,190,190,80,103,-9999,-9999,-9999,-9999,-9999,-9999,-9999,-9999,-9999,-9999,-9999,-9999,-9999,1,1,-9999,-9999,-9999,-9999
GHCND:USW00013904,20120201,5,0,0,250,139,-9999,9,160,160,58,76,-9999,-9999,-9999,1,-9999,1,-9999,-9999,-9999,1,-9999,-9999,-9999,-9999,1,-9999,-9999,-9999,-9999
GHCND:USW00013904,20120202,3,0,0,239,106,-9999,18,150,160,67,76,-9999,-9999,-9999,-9999,-9999,-9999,-9999,-9999,-9999,-9999,-9999,-9999,-9999,1,1,1,-9999,-9999,-9999
GHCND:USW00013904,20120203,5,0,0,244,194,-9999,39,170,170,94,125,-9999,-9999,-9999,-9999,-9999,-9999,-9999,-9999,-9999,-9999,-9999,-9999,-9999,-9999,1,-9999,-9999,1,-9999
GHCND:USW00013904,20120204,432,0,0,211,100,-9999,64,340,340,143,179,-9999,-9999,-9999,-9999,-9999,-9999,-9999,-9999,-9999,-9999,-9999,-9999,-9999,1,1,-9999,-9999,1,-9999
GHCND:USW00013904,20120205,15,0,0,100,33,-9999,64,10,10,130,156,-9999,-9999,-9999,-9999,-9999,1,-9999,-9999,-9999,-9999,-9999,-9999,-9999,-9999,1,-9999,-9999,-9999,-9999
GHCND:USW00013904,20120206,0,0,0,106,28,-9999,25,30,40,63,76,-9999,-9999,-9999,-9999,-9999,-9999,-9999,-9999,-9999,-9999,-9999,-9999,-9999,-9999,-9999,-9999,-9999,-9999,-9999
GHCND:USW00013904,20120207,0,0,0,178,28,-9999,9,50,40,45,63,-9999,-9999,-9999,-9999,-9999,-9999,-9999,-9999,-9999,-9999,-9999,-9999,-9999,-9999,-9999,-9999,-9999,-9999,-9999
GHCND:USW00013904,20120208,0,0,0,139,44,-9999,44,360,360,80,98,-9999,-9999,-9999,-9999,-9999,-9999,-9999,-9999,-9999,-9999,-9999,-9999,-9999,-9999,-9999,-9999,-9999,-9999,-9999
GHCND:USW00013904,20120209,0,0,0,144,11,-9999,25,150,170,54,67,-9999,-9999,-9999,-9999,-9999,-9999,-9999,-9999,-9999,-9999,-9999,-9999,-9999,1,-9999,1,-9999,-9999,-9999
GHCND:USW00013904,20120210,25,0,0,183,50,-9999,32,350,220,80,1565,-9999,-9999,-9999,1,-9999,1,-9999,-9999,-9999,-9999,-9999,-9999,-9999,1,1,-9999,-9999,-9999,-9999
GHCND:USW00013904,20120211,0,0,0,100,17,-9999,74,20,30,116,143,-9999,-9999,-9999,-9999,-9999,-9999,-9999,-9999,-9999,-9999,-9999,-9999,-9999,-9999,-9999,-9999,-9999,-9999,-9999
GHCND:USW00013904,20120212,3,0,0,67,-17,-9999,42,20,10,89,107,-9999,-9999,-9999,-9999,-9999,-9999,-9999,-9999,-9999,-9999,-9999,-9999,1,-9999,1,-9999,1,-9999,-9999
GHCND:USW00013904,20120213,48,0,0,183,39,-9999,19,360,150,58,67,-9999,-9999,-9999,-9999,-9999,-9999,-9999,-9999,-9999,-9999,-9999,-9999,-9999,1,1,-9999,-9999,-9999,-9999
GHCND:USW00013904,20120214,0,0,0,222,33,-9999,26,160,150,76,103,-9999,-9999,-9999,1,-9999,1,-9999,-9999,-9999,1,-9999,-9999,-9999,-9999,1,-9999,-9999,-9999,-9999
GHCND:USW00013904,20120215,0,0,0,267,89,-9999,27,340,330,76,98,-9999,-9999,-9999,1,-9999,-9999,-9999,-9999,-9999,-9999,-9999,-9999,-9999,1,1,1,-9999,-9999,-9999
GHCND:USW00013904,20120216,3,0,0,172,67,-9999,41,10,10,94,107,-9999,-9999,-9999,-9999,-9999,-9999,-9999,-9999,-9999,-9999,-9999,-9999,-9999,-9999,1,-9999,-9999,-9999,-9999
GHCND:USW00013904,20120217,150,0,0,139,106,-9999,39,40,40,67,80,-9999,-9999,-9999,-9999,-9999,-9999,-9999,-9999,-9999,-9999,-9999,-9999,-9999,1,1,-9999,-9999,1,-9999
GHCND:USW00013904,20120218,279,0,0,150,100,-9999,48,350,350,103,130,-9999,-9999,-9999,-9999,-9999,-9999,-9999,-9999,1,-9999,-9999,-9999,-9999,-9999,1,-9999,-9999,1,-9999
GHCND:USW00013904,20120219,0,0,0,156,28,-9999,27,10,10,76,94,-9999,-9999,-9999,-9999,-9999,1,-9999,1,-9999,-9999,-9999,-9999,-9999,-9999,-9999,-9999,-9999,-9999,-9999
GHCND:USW00013904,20120220,0,0,0,206,72,-9999,33,190,200,80,103,-9999,-9999,-9999,-9999,-9999,-9999,-9999,-9999,-9999,-9999,-9999,-9999,-9999,1,-9999,-9999,-9999,-9999,-9999
GHCND:USW00013904,20120221,0,0,0,233,89,-9999,23,180,190,67,98,-9999,-9999,-9999,-9999,-9999,1,-9999,-9999,-9999,1,-9999,-9999,-9999,1,-9999,1,-9999,-9999,-9999
GHCND:USW00013904,20120222,0,0,0,306,156,-9999,44,190,190,98,134,-9999,-9999,-9999,1,-9999,1,-9999,-9999,-9999,-9999,-9999,-9999,-9999,1,-9999,-9999,-9999,-9999,-9999
GHCND:USW00013904,20120223,0,0,0,317,111,-9999,44,10,10,139,170,-9999,-9999,-9999,-9999,-9999,-9999,-9999,-9999,-9999,-9999,-9999,-9999,-9999,-9999,-9999,-9999,-9999,-9999,-9999
GHCND:USW00013904,20120224,0,0,0,178,28,-9999,83,20,20,148,197,-9999,-9999,-9999,-9999,-9999,-9999,-9999,-9999,-9999,-9999,-9999,-9999,-9999,-9999,-9999,-9999,-9999,-9999,-9999
GHCND:USW00013904,20120225,0,0,0,161,17,-9999,24,150,160,72,98,-9999,-9999,-9999,-9999,-9999,-9999,-9999,-9999,-9999,-9999,-9999,-9999,-9999,-9999,-9999,-9999,-9999,-9999,-9999
GHCND:USW00013904,20120226,0,0,0,189,-11,-9999,34,180,200,94,116,-9999,-9999,-9999,-9999,-9999,-9999,-9999,-9999,-9999,-9999,-9999,-9999,-9999,-9999,-9999,-9999,-9999,-9999,-9999
GHCND:USW00013904,20120227,8,0,0,217,122,-9999,31,80,80,72,94,-9999,-9999,-9999,-9999,-9999,-9999,-9999,-9999,-9999,-9999,-9999,-9999,-9999,1,1,-9999,-9999,-9999,-9999
GHCND:USW00013904,20120228,3,0,0,261,167,-9999,57,170,180,125,156,-9999,-9999,-9999,1,-9999,-9999,-9999,-9999,-9999,1,-9999,-9999,-9999,1,1,-9999,-9999,-9999,-9999
GHCND:USW00013904,20120229,3,0,0,233,139,-9999,18,350,350,89,103,-9999,-9999,-9999,-9999,-9999,1,-9999,-9999,-9999,-9999,-9999,-9999,-9999,1,1,-9999,-9999,-9999,-9999
GHCND:USW00013904,20120301,0,0,0,228,100,-9999,16,190,190,58,76,-9999,-9999,-9999,1,-9999,1,-9999,-9999,-9999,-9999,-9999,-9999,-9999,1,-9999,-9999,-9999,-9999,-9999
GHCND:USW00013904,20120302,0,0,0,283,128,-9999,47,30,30,89,103,-9999,-9999,-9999,-9999,-9999,-9999,-9999,-9999,-9999,-9999,-9999,-9999,-9999,1,-9999,1,-9999,-9999,-9999
GHCND:USW00013904,20120303,0,0,0,183,44,-9999,63,10,20,125,156,-9999,-9999,-9999,-9999,-9999,-9999,-9999,-9999,-9999,-9999,-9999,-9999,-9999,-9999,1,-9999,-9999,-9999,-9999
GHCND:USW00013904,20120304,0,0,0,217,-6,-9999,29,180,210,89,112,-9999,-9999,-9999,-9999,-9999,-9999,-9999,-9999,-9999,-9999,-9999,-9999,-9999,-9999,-9999,-9999,-9999,-9999,-9999
GHCND:USW00013904,20120305,0,0,0,244,6,-9999,37,150,150,94,112,-9999,-9999,-9999,-9999,-9999,-9999,-9999,-9999,-9999,-9999,-9999,-9999,-9999,-9999,-9999,-9999,-9999,-9999,-9999
GHCND:USW00013904,20120306,0,0,0,244,106,-9999,68,160,180,125,165,-9999,-9999,-9999,-9999,-9999,-9999,-9999,-9999,-9999,-9999,-9999,-9999,-9999,-9999,-9999,-9999,-9999,-9999,-9999
GHCND:USW00013904,20120307,3,0,0,228,178,-9999,69,160,170,103,143,-9999,-9999,-9999,-9999,-9999,1,-9999,-9999,-9999,-9999,-9999,-9999,-9999,1,1,-9999,-9999,-9999,-9999
GHCND:USW00013904,20120308,28,0,0,244,89,-9999,59,360,350,125,161,-9999,-9999,-9999,1,-9999,1,-9999,-9999,-9999,-9999,-9999,-9999,-9999,1,1,-9999,-9999,-9999,-9999
GHCND:USW00013904,20120309,274,0,0,89,56,-9999,70,360,350,143,174,-9999,-9999,-9999,1,-9999,1,-9999,-9999,-9999,-9999,-9999,-9999,-9999,-9999,-9999,-9999,-9999,1,-9999
GHCND:USW00013904,20120310,165,0,0,111,67,-9999,33,90,80,76,94,-9999,-9999,-9999,1,-9999,-9999,-9999,-9999,-9999,-9999,-9999,-9999,-9999,-9999,1,-9999,-9999,1,-9999
GHCND:USW00013904,20120311,71,0,0,228,111,-9999,18,150,170,54,63,-9999,-9999,-9999,1,-9999,1,-9999,-9999,-9999,-9999,-9999,-9999,-9999,-9999,-9999,-9999,-9999,1,-9999
GHCND:USW00013904,20120312,0,0,0,261,72,-9999,30,180,190,76,103,-9999,-9999,-9999,-9999,-9999,1,-9999,-9999,-9999,1,-9999,-9999,-9999,1,-9999,-9999,-9999,-9999,-9999
GHCND:USW00013904,20120313,0,0,0,272,156,-9999,40,140,170,80,107,-9999,-9999,-9999,1,-9999,-9999,-9999,-9999,-9999,1,-9999,-9999,-9999,1,-9999,-9999,-9999,-9999,-9999
GHCND:USW00013904,20120314,0,0,0,267,189,-9999,45,150,130,89,112,-9999,-9999,-9999,-9999,-9999,1,-9999,-9999,-9999,-9999,-9999,-9999,-9999,1,1,-9999,-9999,-9999,-9999
GHCND:USW00013904,20120315,0,0,0,272,194,-9999,41,180,170,89,112,-9999,-9999,-9999,-9999,-9999,-9999,-9999,-9999,-9999,-9999,-9999,-9999,-9999,-9999,1,-9999,-9999,-9999,-9999
GHCND:USW00013904,20120316,0,0,0,267,200,-9999,46,170,170,94,112,-9999,-9999,-9999,-9999,-9999,-9999,-9999,-9999,-9999,-9999,-9999,-9999,-9999,-9999,-9999,-9999,-9999,-9999,-9999
GHCND:USW00013904,20120317,0,0,0,261,189,-9999,54,150,180,94,116,-9999,-9999,-9999,-9999,-9999,-9999,-9999,-9999,-9999,-9999,-9999,-9999,-9999,-9999,-9999,-9999,-9999,-9999,-9999
GHCND:USW00013904,20120318,3,0,0,239,200,-9999,60,140,130,130,165,-9999,-9999,-9999,-9999,-9999,-9999,-9999,-9999,-9999,-9999,-9999,-9999,-9999,-9999,1,-9999,-9999,-9999,-9999
GHCND:USW00013904,20120319,0,0,0,267,206,-9999,77,150,130,125,165,-9999,-9999,-9999,-9999,-9999,-9999,-9999,-9999,-9999,-9999,-9999,-9999,-9999,-9999,1,-9999,-9999,-9999,-9999
GHCND:USW00013904,20120320,683,0,0,228,117,-9999,36,30,30,125,148,-9999,-9999,-9999,-9999,-9999,-9999,-9999,-9999,-9999,-9999,-9999,-9999,-9999,1,1,-9999,-9999,1,-9999
GHCND:USW00013904,20120321,0,0,0,222,67,-9999,33,250,250,98,130,-9999,-9999,-9999,-9999,-9999,-9999,-9999,-9999,-9999,-9999,-9999,-9999,-9999,-9999,-9999,-9999,-9999,-9999,-9999
GHCND:USW00013904,20120322,0,0,0,267,94,-9999,54,190,190,107,143,-9999,-9999,-9999,-9999,-9999,-9999,-9999,-9999,-9999,-9999,-9999,-9999,-9999,-9999,-9999,-9999,-9999,-9999,-9999
GHCND:USW00013904,20120323,0,0,0,261,67,-9999,14,150,150,40,54,-9999,-9999,-9999,-9999,-9999,-9999,-9999,-9999,-9999,-9999,-9999,-9999,-9999,-9999,-9999,-9999,-9999,-9999,-9999
GHCND:USW00013904,20120324,0,0,0,278,78,-9999,4,120,190,36,58,-9999,-9999,-9999,1,-9999,1,-9999,-9999,-9999,1,-9999,-9999,-9999,1,-9999,-9999,-9999,-9999,-9999
GHCND:USW00013904,20120325,0,0,0,278,100,-9999,9,120,120,40,76,-9999,-9999,-9999,-9999,-9999,1,-9999,-9999,-9999,-9999,-9999,-9999,-9999,1,-9999,-9999,-9999,-9999,-9999
GHCND:USW00013904,20120326,0,0,0,278,106,-9999,26,140,140,76,103,-9999,-9999,-9999,-9999,-9999,-9999,-9999,-9999,-9999,1,-9999,-9999,-9999,1,-9999,1,-9999,-9999,-9999
GHCND:USW00013904,20120327,0,0,0,272,106,-9999,28,200,200,67,89,-9999,-9999,-9999,-9999,-9999,1,-9999,-9999,-9999,-9999,-9999,-9999,-9999,1,-9999,1,-9999,-9999,-9999
GHCND:USW00013904,20120328,71,0,0,233,178,-9999,22,150,140,67,89,-9999,-9999,-9999,-9999,-9999,1,-9999,-9999,-9999,-9999,-9999,-9999,-9999,1,1,-9999,-9999,-9999,-9999
GHCND:USW00013904,20120329,0,0,0,272,172,-9999,25,190,180,67,80,-9999,-9999,-9999,-9999,-9999,1,-9999,-9999,-9999,-9999,-9999,-9999,-9999,1,1,-9999,-9999,-9999,-9999
GHCND:USW00013904,20120330,0,0,0,278,189,-9999,34,180,180,72,94,-9999,-9999,-9999,-9999,-9999,-9999,-9999,-9999,-9999,-9999,-9999,-9999,-9999,1,-9999,1,-9999,-9999,-9999
GHCND:USW00013904,20120331,0,0,0,306,161,-9999,35,170,160,72,98,-9999,-9999,-9999,1,-9999,1,-9999,-9999,-9999,-9999,-9999,-9999,-9999,1,-9999,-9999,-9999,-9999,-9999
GHCND:USW00013904,20120401,0,0,0,300,194,-9999,49,180,160,80,107,-9999,-9999,-9999,-9999,-9999,-9999,-9999,-9999,-9999,-9999,-9999,-9999,-9999,1,-9999,-9999,-9999,-9999,-9999
GHCND:USW00013904,20120402,0,0,0,294,178,-9999,47,150,150,94,116,-9999,-9999,-9999,-9999,-9999,1,-9999,-9999,-9999,-9999,-9999,-9999,-9999,1,-9999,-9999,-9999,-9999,-9999
GHCND:USW00013904,20120403,18,0,0,300,144,-9999,32,150,40,89,98,-9999,-9999,-9999,-9999,-9999,-9999,-9999,-9999,-9999,-9999,-9999,-9999,-9999,1,1,1,-9999,1,-9999
GHCND:USW00013904,20120404,0,0,0,283,111,-9999,14,350,340,54,67,-9999,-9999,-9999,-9999,-9999,-9999,-9999,-9999,-9999,-9999,-9999,-9999,-9999,-9999,-9999,-9999,-9999,-9999,-9999
GHCND:USW00013904,20120405,0,0,0,306,139,-9999,24,60,70,67,80,-9999,-9999,-9999,-9999,-9999,1,-9999,-9999,-9999,-9999,-9999,-9999,-9999,1,-9999,1,-9999,-9999,-9999
GHCND:USW00013904,20120406,0,0,0,289,133,-9999,27,150,150,58,72,-9999,-9999,-9999,-9999,-9999,-9999,-9999,-9999,-9999,-9999,-9999,-9999,-9999,-9999,-9999,-9999,-9999,-9999,-9999
GHCND:USW00013904,20120407,0,0,0,294,183,-9999,28,160,170,58,72,-9999,-9999,-9999,-9999,-9999,1,-9999,-9999,-9999,-9999,-9999,-9999,-9999,1,-9999,-9999,-9999,-9999,-9999
GHCND:USW00013904,20120408,0,0,0,283,144,-9999,17,130,120,54,72,-9999,-9999,-9999,-9999,-9999,1,-9999,-9999,-9999,-9999,-9999,-9999,-9999,1,-9999,-9999,-9999,-9999,-9999
GHCND:USW00013904,20120409,0,0,0,278,133,-9999,20,180,150,63,76,-9999,-9999,-9999,-9999,-9999,1,-9999,-9999,-9999,-9999,-9999,-9999,-9999,1,-9999,-9999,-9999,-9999,-9999
GHCND:USW00013904,20120410,0,0,0,283,128,-9999,25,180,190,67,89,-9999,-9999,-9999,-9999,-9999,1,-9999,-9999,-9999,-9999,-9999,-9999,-9999,1,-9999,-9999,-9999,-9999,-9999
GHCND:USW00013904,20120411,0,0,0,294,111,-9999,31,120,160,67,98,-9999,-9999,-9999,-9999,-9999,-9999,-9999,-9999,-9999,-9999,-9999,-9999,-9999,1,1,1,-9999,-9999,-9999
GHCND:USW00013904,20120412,0,0,0,300,194,-9999,50,150,150,98,130,-9999,-9999,-9999,-9999,-9999,1,-9999,-9999,-9999,-9999,-9999,-9999,-9999,1,1,-9999,-9999,-9999,-9999
GHCND:USW00013904,20120413,0,0,0,294,189,-9999,51,140,160,103,116,-9999,-9999,-9999,-9999,-9999,1,-9999,-9999,-9999,-9999,-9999,-9999,-9999,1,-9999,-9999,-9999,-9999,-9999
GHCND:USW00013904,20120414,0,0,0,283,217,-9999,81,150,150,134,179,-9999,-9999,-9999,-9999,-9999,1,-9999,-9999,-9999,-9999,-9999,-9999,-9999,-9999,1,-9999,-9999,-9999,-9999
GHCND:USW00013904,20120415,5,0,0,272,133,-9999,45,170,180,107,139,-9999,-9999,-9999,-9999,-9999,1,-9999,-9999,-9999,-9999,-9999,-9999,-9999,1,1,-9999,-9999,-9999,-9999
GHCND:USW00013904,20120416,0,0,0,239,100,-9999,31,10,20,72,89,-9999,-9999,-9999,-9999,-9999,-9999,-9999,-9999,-9999,-9999,-9999,-9999,-9999,-9999,-9999,-9999,-9999,-9999,-9999
GHCND:USW00013904,20120417,0,0,0,289,111,-9999,31,30,30,72,89,-9999,-9999,-9999,-9999,-9999,-9999,-9999,-9999,-9999,-9999,-9999,-9999,-9999,-9999,-9999,-9999,-9999,-9999,-9999
GHCND:USW00013904,20120418,0,0,0,278,94,-9999,22,180,200,58,76,-9999,-9999,-9999,-9999,-9999,1,-9999,-9999,-9999,-9999,-9999,-9999,-9999,1,-9999,-9999,-9999,-9999,-9999
GHCND:USW00013904,20120419,0,0,0,294,89,-9999,39,180,190,80,107,-9999,-9999,-9999,-9999,-9999,-9999,-9999,-9999,-9999,-9999,-9999,-9999,-9999,-9999,-9999,-9999,-9999,-9999,-9999
GHCND:USW00013904,20120420,0,0,0,256,144,-9999,46,10,330,112,139,-9999,-9999,-9999,-9999,-9999,-9999,-9999,-9999,-9999,-9999,-9999,-9999,-9999,-9999,1,-9999,-9999,1,-9999
GHCND:USW00013904,20120421,0,0,0,267,94,-9999,40,10,350,103,134,-9999,-9999,-9999,-9999,-9999,-9999,-9999,-9999,-9999,-9999,-9999,-9999,-9999,-9999,-9999,-9999,-9999,-9999,-9999
GHCND:USW00013904,20120422,0,0,0,322,67,-9999,15,30,40,58,72,-9999,-9999,-9999,-9999,-9999,-9999,-9999,-9999,-9999,-9999,-9999,-9999,-9999,-9999,-9999,-9999,-9999,-9999,-9999
GHCND:USW00013904,20120423,0,0,0,267,117,-9999,33,50,20,72,103,-9999,-9999,-9999,-9999,-9999,-9999,-9999,-9999,-9999,-9999,-9999,-9999,-9999,-9999,-9999,-9999,-9999,-9999,-9999
GHCND:USW00013904,20120424,0,0,0,306,94,-9999,37,180,190,94,125,-9999,-9999,-9999,-9999,-9999,-9999,-9999,-9999,-9999,-9999,-9999,-9999,-9999,-9999,-9999,-9999,-9999,-9999,-9999
GHCND:USW00013904,20120425,0,0,0,333,172,-9999,65,170,170,103,139,-9999,-9999,-9999,-9999,-9999,-9999,-9999,-9999,-9999,-9999,-9999,-9999,-9999,-9999,-9999,-9999,-9999,-9999,-9999
GHCND:USW00013904,20120426,0,0,0,344,183,-9999,60,180,160,94,125,-9999,-9999,-9999,-9999,-9999,-9999,-9999,-9999,-9999,-9999,-9999,-9999,-9999,-9999,-9999,-9999,-9999,-9999,-9999
GHCND:USW00013904,20120427,0,0,0,328,200,-9999,65,150,150,103,130,-9999,-9999,-9999,-9999,-9999,-9999,-9999,-9999,-9999,-9999,-9999,-9999,-9999,-9999,-9999,-9999,-9999,-9999,-9999
GHCND:USW00013904,20120428,0,0,0,328,194,-9999,67,180,160,112,143,-9999,-9999,-9999,-9999,-9999,1,-9999,-9999,-9999,-9999,-9999,-9999,-9999,1,-9999,-9999,-9999,-9999,-9999
GHCND:USW00013904,20120429,0,0,0,311,211,-9999,58,150,120,98,130,-9999,-9999,-9999,-9999,-9999,1,-9999,-9999,-9999,-9999,-9999,-9999,-9999,-9999,-9999,-9999,-9999,-9999,-9999
GHCND:USW00013904,20120430,0,0,0,300,222,-9999,44,150,150,107,134,-9999,-9999,-9999,-9999,-9999,-9999,-9999,-9999,-9999,-9999,-9999,-9999,-9999,-9999,1,-9999,-9999,-9999,-9999
GHCND:USW00013904,20120501,0,0,0,311,211,-9999,49,160,140,94,116,-9999,-9999,-9999,-9999,-9999,-9999,-9999,-9999,-9999,-9999,-9999,-9999,-9999,-9999,-9999,-9999,-9999,-9999,-9999
GHCND:USW00013904,20120502,0,0,0,317,211,-9999,40,200,200,72,94,-9999,-9999,-9999,-9999,-9999,1,-9999,-9999,-9999,-9999,-9999,-9999,-9999,-9999,1,-9999,-9999,-9999,-9999
GHCND:USW00013904,20120503,0,0,0,333,211,-9999,41,150,150,76,98,-9999,-9999,-9999,-9999,-9999,-9999,-9999,-9999,-9999,-9999,-9999,-9999,-9999,-9999,-9999,-9999,-9999,-9999,-9999
GHCND:USW00013904,20120504,0,0,0,339,222,-9999,42,150,140,76,103,-9999,-9999,-9999,-9999,-9999,-9999,-9999,-9999,-9999,-9999,-9999,-9999,-9999,-9999,-9999,-9999,-9999,-9999,-9999
GHCND:USW00013904,20120505,0,0,0,350,217,-9999,41,140,140,107,125,-9999,-9999,-9999,-9999,-9999,-9999,-9999,-9999,-9999,-9999,-9999,-9999,-9999,1,-9999,-9999,-9999,1,-9999
GHCND:USW00013904,20120506,185,0,0,339,194,-9999,42,170,290,112,179,-9999,-9999,-9999,-9999,-9999,-9999,-9999,-9999,-9999,-9999,-9999,-9999,-9999,1,1,-9999,-9999,1,-9999
GHCND:USW00013904,20120507,15,0,0,333,200,-9999,34,10,340,116,170,-9999,-9999,-9999,-9999,-9999,-9999,-9999,-9999,-9999,-9999,-9999,-9999,-9999,1,1,-9999,-9999,1,-9999
GHCND:USW00013904,20120508,30,0,0,217,172,-9999,30,20,20,76,94,-9999,-9999,-9999,-9999,-9999,1,-9999,-9999,-9999,-9999,-9999,-9999,-9999,1,1,-9999,-9999,-9999,-9999
GHCND:USW00013904,20120509,84,0,0,289,172,-9999,34,50,30,107,139,-9999,-9999,-9999,-9999,-9999,1,-9999,-9999,-9999,-9999,-9999,-9999,-9999,1,1,-9999,-9999,-9999,-9999
GHCND:USW00013904,20120510,724,0,0,239,172,-9999,34,110,120,107,139,-9999,-9999,-9999,-9999,-9999,-9999,-9999,-9999,-9999,-9999,-9999,-9999,-9999,1,1,-9999,-9999,1,-9999
GHCND:USW00013904,20120511,0,0,0,283,167,-9999,21,50,70,45,72,-9999,-9999,-9999,-9999,-9999,-9999,-9999,-9999,-9999,-9999,-9999,-9999,-9999,1,1,-9999,-9999,-9999,-9999
GHCND:USW00013904,20120512,0,0,0,278,178,-9999,36,320,350,67,98,-9999,-9999,-9999,-9999,-9999,-9999,-9999,-9999,-9999,-9999,-9999,-9999,-9999,1,-9999,-9999,-9999,-9999,-9999
GHCND:USW00013904,20120513,0,0,0,294,161,-9999,30,40,30,72,98,-9999,-9999,-9999,-9999,-9999,-9999,-9999,-9999,-9999,-9999,-9999,-9999,-9999,-9999,-9999,-9999,-9999,-9999,-9999
GHCND:USW00013904,20120514,152,0,0,294,156,-9999,21,260,260,76,107,-9999,-9999,-9999,-9999,-9999,-9999,-9999,-9999,-9999,-9999,-9999,-9999,-9999,1,1,-9999,-9999,1,-9999
GHCND:USW00013904,20120515,152,0,0,222,156,-9999,13,60,110,40,72,-9999,-9999,-9999,-9999,-9999,1,-9999,-9999,-9999,-9999,-9999,-9999,-9999,1,1,-9999,-9999,-9999,-9999
GHCND:USW00013904,20120516,0,0,0,294,128,-9999,16,50,40,58,76,-9999,-9999,-9999,-9999,-9999,1,-9999,-9999,-9999,-9999,-9999,-9999,-9999,-9999,-9999,-9999,-9999,-9999,-9999
GHCND:USW00013904,20120517,0,0,0,311,133,-9999,16,170,150,54,72,-9999,-9999,-9999,-9999,-9999,-9999,-9999,-9999,-9999,-9999,-9999,-9999,-9999,-9999,-9999,-9999,-9999,-9999,-9999
GHCND:USW00013904,20120518,0,0,0,311,144,-9999,37,150,180,76,107,-9999,-9999,-9999,-9999,-9999,-9999,-9999,-9999,-9999,-9999,-9999,-9999,-9999,1,-9999,-9999,-9999,-9999,-9999
GHCND:USW00013904,20120519,0,0,0,322,200,-9999,50,170,170,89,112,-9999,-9999,-9999,-9999,-9999,-9999,-9999,-9999,-9999,-9999,-9999,-9999,-9999,1,-9999,-9999,-9999,-9999,-9999
GHCND:USW00013904,20120520,0,0,0,317,161,-9999,19,120,120,54,67,-9999,-9999,-9999,-9999,-9999,-9999,-9999,-9999,-9999,-9999,-9999,-9999,-9999,1,-9999,-9999,-9999,-9999,-9999
GHCND:USW00013904,20120521,0,0,0,322,167,-9999,11,170,190,40,76,-9999,-9999,-9999,-9999,-9999,1,-9999,-9999,-9999,-9999,-9999,-9999,-9999,1,-9999,-9999,-9999,-9999,-9999
GHCND:USW00013904,20120522,0,0,0,328,183,-9999,27,170,200,63,80,-9999,-9999,-9999,-9999,-9999,-9999,-9999,-9999,-9999,-9999,-9999,-9999,-9999,-9999,-9999,-9999,-9999,-9999,-9999
GHCND:USW00013904,20120523,0,0,0,328,172,-9999,59,140,140,103,130,-9999,-9999,-9999,-9999,-9999,1,-9999,-9999,-9999,-9999,-9999,-9999,-9999,1,-9999,-9999,-9999,-9999,-9999
GHCND:USW00013904,20120524,0,0,0,339,228,-9999,64,150,170,98,134,-9999,-9999,-9999,-9999,-9999,-9999,-9999,-9999,-9999,-9999,-9999,-9999,-9999,-9999,-9999,-9999,-9999,-9999,-9999
GHCND:USW00013904,20120525,0,0,0,339,228,-9999,61,170,140,98,134,-9999,-9999,-9999,-9999,-9999,-9999,-9999,-9999,-9999,-9999,-9999,-9999,-9999,1,-9999,1,-9999,-9999,-9999
GHCND:USW00013904,20120526,0,0,0,339,228,-9999,52,150,150,103,116,-9999,-9999,-9999,-9999,-9999,-9999,-9999,-9999,-9999,-9999,-9999,-9999,-9999,-9999,-9999,-9999,-9999,-9999,-9999
GHCND:USW00013904,20120527,0,0,0,328,228,-9999,48,140,180,76,103,-9999,-9999,-9999,-9999,-9999,-9999,-9999,-9999,-9999,-9999,-9999,-9999,-9999,-9999,-9999,-9999,-9999,-9999,-9999
GHCND:USW00013904,20120528,0,0,0,333,200,-9999,37,180,190,89,107,-9999,-9999,-9999,-9999,-9999,1,-9999,-9999,-9999,-9999,-9999,-9999,-9999,1,-9999,-9999,-9999,-9999,-9999
GHCND:USW00013904,20120529,0,0,0,339,222,-9999,37,190,190,80,112,-9999,-9999,-9999,-9999,-9999,-9999,-9999,-9999,-9999,-9999,-9999,-9999,-9999,-9999,-9999,-9999,-9999,-9999,-9999
GHCND:USW00013904,20120530,0,0,0,339,233,-9999,45,170,180,143,183,-9999,-9999,-9999,-9999,-9999,-9999,-9999,-9999,-9999,-9999,-9999,-9999,-9999,-9999,-9999,-9999,-9999,-9999,-9999
GHCND:USW00013904,20120531,0,0,0,339,206,-9999,41,50,50,148,192,-9999,-9999,-9999,-9999,-9999,-9999,-9999,-9999,-9999,-9999,-9999,-9999,-9999,-9999,1,-9999,-9999,-9999,-9999
GHCND:USW00013904,20120601,0,0,0,328,194,-9999,25,20,20,63,80,-9999,-9999,-9999,-9999,-9999,-9999,-9999,-9999,-9999,-9999,-9999,-9999,-9999,-9999,-9999,-9999,-9999,-9999,-9999
GHCND:USW00013904,20120602,0,0,0,344,217,-9999,47,170,180,76,107,-9999,-9999,-9999,-9999,-9999,-9999,-9999,-9999,-9999,-9999,-9999,-9999,-9999,-9999,-9999,-9999,-9999,-9999,-9999
GHCND:USW00013904,20120603,0,0,0,333,228,-9999,46,190,170,103,130,-9999,-9999,-9999,-9999,-9999,-9999,-9999,-9999,-9999,-9999,-9999,-9999,-9999,-9999,-9999,-9999,-9999,-9999,-9999
GHCND:USW00013904,20120604,0,0,0,333,233,-9999,32,190,170,67,89,-9999,-9999,-9999,-9999,-9999,-9999,-9999,-9999,-9999,-9999,-9999,-9999,-9999,-9999,1,-9999,-9999,-9999,-9999
GHCND:USW00013904,20120605,0,0,0,356,217,-9999,21,170,170,63,89,-9999,-9999,-9999,-9999,-9999,-9999,-9999,-9999,-9999,-9999,-9999,-9999,-9999,-9999,-9999,-9999,-9999,-9999,-9999
GHCND:USW00013904,20120606,0,0,0,356,200,-9999,25,160,150,76,98,-9999,-9999,-9999,-9999,-9999,-9999,-9999,-9999,-9999,-9999,-9999,-9999,-9999,-9999,-9999,-9999,-9999,-9999,-9999
GHCND:USW00013904,20120607,0,0,0,322,228,-9999,38,10,10,89,107,-9999,-9999,-9999,-9999,-9999,-9999,-9999,-9999,-9999,-9999,-9999,-9999,-9999,-9999,1,-9999,-9999,-9999,-9999
GHCND:USW00013904,20120608,8,0,0,300,194,-9999,23,130,130,76,94,-9999,-9999,-9999,-9999,-9999,-9999,-9999,-9999,-9999,-9999,-9999,-9999,-9999,1,1,-9999,-9999,-9999,-9999
GHCND:USW00013904,20120609,0,0,0,344,178,-9999,26,140,180,67,89,-9999,-9999,-9999,-9999,-9999,-9999,-9999,-9999,-9999,-9999,-9999,-9999,-9999,-9999,-9999,-9999,-9999,-9999,-9999
GHCND:USW00013904,20120610,0,0,0,361,217,-9999,46,140,150,94,116,-9999,-9999,-9999,-9999,-9999,-9999,-9999,-9999,-9999,-9999,-9999,-9999,-9999,-9999,-9999,-9999,-9999,-9999,-9999
GHCND:USW00013904,20120611,0,0,0,372,250,-9999,51,190,200,94,116,-9999,-9999,-9999,-9999,-9999,-9999,-9999,-9999,-9999,-9999,-9999,-9999,-9999,-9999,-9999,-9999,-9999,-9999,-9999
GHCND:USW00013904,20120612,46,0,0,356,194,-9999,36,60,10,143,210,-9999,-9999,-9999,-9999,-9999,-9999,-9999,-9999,-9999,-9999,-9999,-9999,-9999,1,1,1,-9999,-9999,-9999
GHCND:USW00013904,20120613,0,0,0,350,194,-9999,36,150,150,89,112,-9999,-9999,-9999,-9999,-9999,-9999,-9999,-9999,-9999,-9999,-9999,-9999,-9999,-9999,-9999,-9999,-9999,-9999,-9999
GHCND:USW00013904,20120614,0,0,0,350,244,-9999,56,150,150,98,116,-9999,-9999,-9999,-9999,-9999,-9999,-9999,-9999,-9999,-9999,-9999,-9999,-9999,-9999,-9999,-9999,-9999,-9999,-9999
GHCND:USW00013904,20120615,0,0,0,356,244,-9999,48,160,150,80,148,-9999,-9999,-9999,-9999,-9999,-9999,-9999,-9999,-9999,-9999,-9999,-9999,-9999,-9999,-9999,-9999,-9999,-9999,-9999
GHCND:USW00013904,20120616,0,0,0,356,222,-9999,28,110,110,89,103,-9999,-9999,-9999,-9999,-9999,1,-9999,-9999,-9999,-9999,-9999,-9999,-9999,1,-9999,-9999,-9999,-9999,-9999
GHCND:USW00013904,20120617,0,0,0,344,206,-9999,26,120,190,76,98,-9999,-9999,-9999,-9999,-9999,-9999,-9999,-9999,-9999,-9999,-9999,-9999,-9999,-9999,-9999,-9999,-9999,-9999,-9999
GHCND:USW00013904,20120618,0,0,0,350,211,-9999,42,130,140,89,116,-9999,-9999,-9999,-9999,-9999,-9999,-9999,-9999,-9999,-9999,-9999,-9999,-9999,-9999,-9999,-9999,-9999,-9999,-9999
GHCND:USW00013904,20120619,0,0,0,333,233,-9999,58,160,150,134,179,-9999,-9999,-9999,-9999,-9999,-9999,-9999,-9999,-9999,-9999,-9999,-9999,-9999,-9999,-9999,-9999,-9999,1,-9999
GHCND:USW00013904,20120620,0,0,0,322,239,-9999,48,180,190,125,156,-9999,-9999,-9999,-9999,-9999,-9999,-9999,-9999,-9999,-9999,-9999,-9999,-9999,-9999,1,-9999,-9999,1,-9999
GHCND:USW00013904,20120621,0,0,0,350,211,-9999,19,30,30,67,94,-9999,-9999,-9999,-9999,-9999,1,-9999,-9999,-9999,-9999,-9999,-9999,-9999,-9999,-9999,-9999,-9999,-9999,-9999
GHCND:USW00013904,20120622,0,0,0,361,194,-9999,17,50,50,67,80,-9999,-9999,-9999,-9999,-9999,-9999,-9999,-9999,-9999,-9999,-9999,-9999,-9999,-9999,-9999,-9999,-9999,-9999,-9999
GHCND:USW00013904,20120623,0,0,0,361,217,-9999,19,110,110,54,76,-9999,-9999,-9999,-9999,-9999,-9999,-9999,-9999,-9999,-9999,-9999,-9999,-9999,-9999,-9999,-9999,-9999,-9999,-9999
GHCND:USW00013904,20120624,0,0,0,378,211,-9999,11,120,120,45,63,-9999,-9999,-9999,-9999,-9999,-9999,-9999,-9999,-9999,-9999,-9999,-9999,-9999,-9999,-9999,-9999,-9999,-9999,-9999
GHCND:USW00013904,20120625,0,0,0,394,217,-9999,16,10,20,76,107,-9999,-9999,-9999,-9999,-9999,-9999,-9999,-9999,-9999,-9999,-9999,-9999,-9999,-9999,-9999,-9999,-9999,-9999,-9999
GHCND:USW00013904,20120626,0,0,0,411,211,-9999,13,140,150,72,89,-9999,-9999,-9999,-9999,-9999,-9999,-9999,-9999,-9999,-9999,-9999,-9999,-9999,-9999,-9999,-9999,-9999,-9999,-9999
GHCND:USW00013904,20120627,0,0,0,400,233,-9999,22,150,140,76,98,-9999,-9999,-9999,-9999,-9999,-9999,-9999,-9999,-9999,-9999,-9999,-9999,-9999,-9999,-9999,-9999,-9999,-9999,-9999
GHCND:USW00013904,20120628,0,0,0,372,211,-9999,30,170,170,72,94,-9999,-9999,-9999,-9999,-9999,1,-9999,-9999,-9999,-9999,-9999,-9999,-9999,1,-9999,-9999,-9999,-9999,-9999
GHCND:USW00013904,20120629,0,0,0,356,228,-9999,36,150,140,103,130,-9999,-9999,-9999,-9999,-9999,-9999,-9999,-9999,-9999,-9999,-9999,-9999,-9999,1,-9999,-9999,-9999,-9999,-9999
GHCND:USW00013904,20120630,0,0,0,339,206,-9999,29,140,140,134,174,-9999,-9999,-9999,-9999,-9999,-9999,-9999,-9999,-9999,-9999,-9999,-9999,-9999,-9999,1,-9999,-9999,1,-9999
GHCND:USW00013904,20120701,104,0,0,322,228,-9999,37,140,140,89,112,-9999,9999,-9999,1,-9999,1,-9999,-9999,-9999,-9999,-9999,-9999,-9999,1,1,-9999,-9999,-9999,-9999
GHCND:USW00013904,20120702,0,0,0,356,233,-9999,44,140,140,103,134,-9999,9999,-9999,-9999,-9999,-9999,-9999,-9999,-9999,-9999,-9999,-9999,-9999,1,-9999,-9999,-9999,-9999,-9999
GHCND:USW00013904,20120703,0,0,0,361,206,-9999,38,160,150,94,116,-9999,9999,-9999,-9999,-9999,1,-9999,-9999,-9999,-9999,-9999,-9999,-9999,1,-9999,-9999,-9999,-9999,-9999
GHCND:USW00013904,20120704,0,0,0,361,239,-9999,46,120,180,89,112,-9999,9999,-9999,-9999,-9999,1,-9999,-9999,-9999,-9999,-9999,-9999,-9999,1,-9999,-9999,-9999,-9999,-9999
GHCND:USW00013904,20120705,0,0,0,367,222,-9999,31,180,180,89,112,-9999,9999,-9999,-9999,-9999,1,-9999,-9999,-9999,-9999,-9999,-9999,-9999,1,-9999,-9999,-9999,-9999,-9999
GHCND:USW00013904,20120706,0,0,0,361,217,-9999,26,150,160,67,98,-9999,9999,-9999,-9999,-9999,1,-9999,-9999,-9999,-9999,-9999,-9999,-9999,1,-9999,-9999,-9999,-9999,-9999
GHCND:USW00013904,20120707,0,0,0,378,222,-9999,24,40,40,98,130,-9999,9999,-9999,-9999,-9999,-9999,-9999,-9999,-9999,-9999,-9999,-9999,-9999,-9999,1,-9999,-9999,-9999,-9999
GHCND:USW00013904,20120708,0,0,0,356,233,-9999,31,40,30,94,107,-9999,9999,-9999,-9999,-9999,-9999,-9999,-9999,-9999,-9999,-9999,-9999,-9999,-9999,1,-9999,-9999,-9999,-9999
GHCND:USW00013904,20120709,97,0,0,361,228,-9999,36,280,280,94,139,-9999,9999,-9999,-9999,-9999,-9999,-9999,-9999,-9999,-9999,-9999,-9999,-9999,1,1,-9999,-9999,1,-9999
GHCND:USW00013904,20120710,64,0,0,317,222,-9999,20,60,70,54,67,-9999,9999,-9999,-9999,-9999,-9999,-9999,-9999,-9999,-9999,-9999,-9999,-9999,1,1,-9999,-9999,1,-9999
GHCND:USW00013904,20120711,112,0,0,300,228,-9999,10,110,120,67,80,-9999,9999,-9999,-9999,-9999,-9999,-9999,-9999,-9999,-9999,-9999,-9999,-9999,-9999,1,1,-9999,1,-9999
GHCND:USW00013904,20120712,25,0,0,344,228,-9999,16,130,130,80,98,-9999,9999,-9999,-9999,-9999,1,-9999,-9999,-9999,-9999,-9999,-9999,-9999,1,1,-9999,-9999,-9999,-9999
GHCND:USW00013904,20120713,3,0,0,344,228,-9999,12,30,30,76,94,-9999,9999,-9999,-9999,-9999,-9999,-9999,-9999,-9999,-9999,-9999,-9999,-9999,1,1,-9999,-9999,1,-9999
GHCND:USW00013904,20120714,0,0,0,344,217,-9999,18,120,110,72,89,-9999,9999,-9999,-9999,-9999,-9999,-9999,-9999,-9999,1,-9999,-9999,-9999,1,1,-9999,-9999,1,-9999
GHCND:USW00013904,20120715,566,0,0,339,200,-9999,31,340,340,98,125,-9999,9999,-9999,-9999,-9999,1,-9999,-9999,-9999,1,-9999,-9999,-9999,-9999,-9999,-9999,-9999,1,-9999
GHCND:USW00013904,20120716,0,0,0,339,206,-9999,25,150,140,76,98,-9999,9999,-9999,-9999,-9999,1,-9999,-9999,-9999,-9999,-9999,-9999,-9999,-9999,-9999,-9999,-9999,-9999,-9999
GHCND:USW00013904,20120717,0,0,0,317,228,-9999,23,150,130,67,89,-9999,9999,-9999,-9999,-9999,-9999,-9999,-9999,-9999,-9999,-9999,-9999,-9999,-9999,1,-9999,-9999,1,-9999
GHCND:USW00013904,20120718,0,0,0,328,233,-9999,22,190,190,67,80,-9999,9999,-9999,-9999,-9999,-9999,-9999,-9999,-9999,-9999,-9999,-9999,-9999,-9999,1,-9999,-9999,-9999,-9999
GHCND:USW00013904,20120719,0,0,0,344,217,-9999,23,160,200,58,76,-9999,9999,-9999,-9999,-9999,1,-9999,-9999,-9999,-9999,-9999,-9999,-9999,-9999,-9999,-9999,-9999,-9999,-9999
GHCND:USW00013904,20120720,0,0,0,356,239,-9999,32,200,220,63,89,-9999,9999,-9999,-9999,-9999,-9999,-9999,-9999,-9999,-9999,-9999,-9999,-9999,-9999,-9999,-9999,-9999,-9999,-9999
GHCND:USW00013904,20120721,0,0,0,367,239,-9999,29,240,170,58,72,-9999,9999,-9999,-9999,-9999,-9999,-9999,-9999,-9999,-9999,-9999,-9999,-9999,-9999,-9999,-9999,-9999,-9999,-9999
GHCND:USW00013904,20120722,0,0,0,350,233,-9999,31,150,140,63,80,-9999,9999,-9999,-9999,-9999,-9999,-9999,-9999,-9999,-9999,-9999,-9999,-9999,-9999,-9999,-9999,-9999,-9999,-9999
GHCND:USW00013904,20120723,0,0,0,350,239,-9999,39,140,150,94,112,-9999,9999,-9999,-9999,-9999,1,-9999,-9999,-9999,-9999,-9999,-9999,-9999,1,-9999,-9999,-9999,-9999,-9999
GHCND:USW00013904,20120724,0,0,0,350,233,-9999,38,140,140,80,103,-9999,9999,-9999,-9999,-9999,1,-9999,-9999,-9999,-9999,-9999,-9999,-9999,1,-9999,-9999,-9999,-9999,-9999
GHCND:USW00013904,20120725,0,0,0,350,233,-9999,51,150,150,98,112,-9999,9999,-9999,-9999,-9999,-9999,-9999,-9999,-9999,-9999,-9999,-9999,-9999,-9999,-9999,-9999,-9999,-9999,-9999
GHCND:USW00013904,20120726,0,0,0,356,233,-9999,44,160,160,94,116,-9999,9999,-9999,-9999,-9999,-9999,-9999,-9999,-9999,-9999,-9999,-9999,-9999,-9999,-9999,-9999,-9999,-9999,-9999
GHCND:USW00013904,20120727,0,0,0,356,233,-9999,29,170,170,76,103,-9999,9999,-9999,-9999,-9999,1,-9999,-9999,-9999,-9999,-9999,-9999,-9999,1,-9999,-9999,-9999,-9999,-9999
GHCND:USW00013904,20120728,0,0,0,367,211,-9999,17,210,230,54,80,-9999,9999,-9999,-9999,-9999,1,-9999,-9999,-9999,-9999,-9999,-9999,-9999,1,-9999,-9999,-9999,-9999,-9999
GHCND:USW00013904,20120729,0,0,0,372,211,-9999,25,150,150,80,98,-9999,9999,-9999,-9999,-9999,1,-9999,-9999,-9999,-9999,-9999,-9999,-9999,-9999,-9999,-9999,-9999,-9999,-9999
GHCND:USW00013904,20120730,0,0,0,367,211,-9999,30,170,180,67,89,-9999,9999,-9999,-9999,-9999,-9999,-9999,-9999,-9999,-9999,-9999,-9999,-9999,-9999,-9999,-9999,-9999,-9999,-9999
GHCND:USW00013904,20120731,0,0,-9999,372,222,-9999,31,150,180,67,94,1134,2059,-9999,-9999,-9999,1,-9999,-9999,-9999,-9999,-9999,-9999,-9999,-9999,-9999,-9999,-9999,-9999,-9999
GHCND:USW00013904,20120801,0,0,0,378,228,-9999,35,160,200,58,72,-9999,-9999,-9999,-9999,-9999,1,-9999,-9999,-9999,-9999,-9999,-9999,-9999,1,-9999,-9999,-9999,-9999,-9999
GHCND:USW00013904,20120802,0,0,0,378,228,-9999,42,150,170,76,98,-9999,-9999,-9999,-9999,-9999,-9999,-9999,-9999,-9999,-9999,-9999,-9999,-9999,-9999,-9999,-9999,-9999,-9999,-9999
GHCND:USW00013904,20120803,0,0,0,372,217,-9999,49,190,190,94,116,-9999,-9999,-9999,-9999,-9999,-9999,-9999,-9999,-9999,-9999,-9999,-9999,-9999,-9999,-9999,-9999,-9999,-9999,-9999
GHCND:USW00013904,20120804,0,0,0,372,233,-9999,41,190,150,89,139,-9999,-9999,-9999,-9999,-9999,1,-9999,-9999,-9999,-9999,-9999,-9999,-9999,-9999,-9999,-9999,-9999,-9999,-9999
GHCND:USW00013904,20120805,0,0,0,356,222,-9999,20,150,150,125,161,-9999,-9999,-9999,-9999,-9999,1,-9999,-9999,-9999,-9999,-9999,-9999,-9999,1,-9999,-9999,-9999,-9999,-9999
GHCND:USW00013904,20120806,0,0,0,361,211,-9999,14,150,110,45,67,-9999,-9999,-9999,-9999,-9999,-9999,-9999,-9999,-9999,-9999,-9999,-9999,-9999,-9999,-9999,-9999,-9999,-9999,-9999
GHCND:USW00013904,20120807,0,0,0,378,222,-9999,18,160,170,58,76,-9999,-9999,-9999,-9999,-9999,-9999,-9999,-9999,-9999,-9999,-9999,-9999,-9999,-9999,-9999,-9999,-9999,-9999,-9999
GHCND:USW00013904,20120808,0,0,0,378,217,-9999,23,150,100,58,80,-9999,-9999,-9999,-9999,-9999,-9999,-9999,-9999,-9999,-9999,-9999,-9999,-9999,-9999,-9999,-9999,-9999,-9999,-9999
GHCND:USW00013904,20120809,0,0,0,383,228,-9999,29,220,170,63,94,-9999,-9999,-9999,-9999,-9999,-9999,-9999,-9999,-9999,-9999,-9999,-9999,-9999,-9999,-9999,-9999,-9999,-9999,-9999
GHCND:USW00013904,20120810,0,0,0,406,228,-9999,21,110,90,89,116,-9999,-9999,-9999,-9999,-9999,-9999,-9999,-9999,-9999,-9999,-9999,-9999,-9999,-9999,1,-9999,-9999,1,-9999
GHCND:USW00013904,20120811,0,0,0,389,211,-9999,16,180,190,67,89,-9999,-9999,-9999,-9999,-9999,-9999,-9999,-9999,-9999,-9999,-9999,-9999,-9999,-9999,-9999,-9999,-9999,-9999,-9999
GHCND:USW00013904,20120812,0,0,0,378,233,-9999,34,180,160,72,103,-9999,-9999,-9999,-9999,-9999,-9999,-9999,-9999,-9999,-9999,-9999,-9999,-9999,-9999,-9999,-9999,-9999,-9999,-9999
GHCND:USW00013904,20120813,0,0,0,383,244,-9999,37,180,180,72,94,-9999,-9999,-9999,-9999,-9999,-9999,-9999,-9999,-9999,-9999,-9999,-9999,-9999,-9999,-9999,-9999,-9999,-9999,-9999
GHCND:USW00013904,20120814,0,0,0,383,233,-9999,39,180,180,89,130,-9999,-9999,-9999,-9999,-9999,-9999,-9999,-9999,-9999,-9999,-9999,-9999,-9999,-9999,-9999,-9999,-9999,-9999,-9999
GHCND:USW00013904,20120815,0,0,0,383,239,-9999,47,170,130,94,130,-9999,-9999,-9999,-9999,-9999,-9999,-9999,-9999,-9999,-9999,-9999,-9999,-9999,-9999,-9999,-9999,-9999,-9999,-9999
GHCND:USW00013904,20120816,0,0,0,378,244,-9999,42,180,130,72,107,-9999,-9999,-9999,-9999,-9999,1,-9999,-9999,-9999,-9999,-9999,-9999,-9999,1,-9999,-9999,-9999,-9999,-9999
GHCND:USW00013904,20120817,0,0,0,378,233,-9999,30,180,220,72,98,-9999,-9999,-9999,-9999,-9999,-9999,-9999,-9999,-9999,-9999,-9999,-9999,-9999,-9999,-9999,-9999,-9999,-9999,-9999
GHCND:USW00013904,20120818,719,0,0,333,222,-9999,42,20,30,116,139,-9999,-9999,-9999,-9999,-9999,-9999,-9999,-9999,-9999,-9999,-9999,-9999,-9999,1,1,-9999,-9999,1,-9999
GHCND:USW00013904,20120819,8,0,0,306,211,-9999,24,70,70,67,89,-9999,-9999,-9999,-9999,-9999,1,-9999,-9999,-9999,-9999,-9999,-9999,-9999,-9999,1,-9999,-9999,-9999,-9999
GHCND:USW00013904,20120820,0,0,0,350,200,-9999,25,50,360,67,103,-9999,-9999,-9999,-9999,-9999,1,-9999,-9999,-9999,-9999,-9999,-9999,-9999,1,-9999,-9999,-9999,-9999,-9999
GHCND:USW00013904,20120821,0,0,0,333,200,-9999,34,20,30,98,112,-9999,-9999,-9999,-9999,-9999,-9999,-9999,-9999,-9999,-9999,-9999,-9999,-9999,-9999,1,-9999,-9999,-9999,-9999
GHCND:USW00013904,20120822,0,0,0,328,211,-9999,22,90,60,63,80,-9999,-9999,-9999,-9999,-9999,-9999,-9999,-9999,-9999,-9999,-9999,-9999,-9999,-9999,-9999,-9999,-9999,-9999,-9999
GHCND:USW00013904,20120823,0,0,0,333,200,-9999,17,140,140,67,89,-9999,-9999,-9999,-9999,-9999,1,-9999,-9999,-9999,-9999,-9999,-9999,-9999,1,-9999,-9999,-9999,-9999,-9999
GHCND:USW00013904,20120824,0,0,0,350,211,-9999,28,150,140,98,134,-9999,-9999,-9999,-9999,-9999,-9999,-9999,-9999,-9999,-9999,-9999,-9999,-9999,1,-9999,-9999,-9999,-9999,-9999
GHCND:USW00013904,20120825,0,0,0,356,250,-9999,54,150,140,98,130,-9999,-9999,-9999,-9999,-9999,-9999,-9999,-9999,-9999,-9999,-9999,-9999,-9999,-9999,-9999,-9999,-9999,-9999,-9999
GHCND:USW00013904,20120826,43,0,0,333,244,-9999,34,140,140,94,116,-9999,-9999,-9999,-9999,-9999,1,-9999,-9999,-9999,-9999,-9999,-9999,-9999,1,1,-9999,-9999,-9999,-9999
GHCND:USW00013904,20120827,0,0,0,350,217,-9999,10,30,20,63,76,-9999,-9999,-9999,-9999,-9999,-9999,-9999,-9999,-9999,-9999,-9999,-9999,-9999,-9999,-9999,-9999,-9999,-9999,-9999
GHCND:USW00013904,20120828,0,0,0,350,233,-9999,32,40,50,156,192,-9999,-9999,-9999,-9999,-9999,-9999,-9999,-9999,-9999,-9999,-9999,-9999,-9999,-9999,1,-9999,-9999,1,-9999
GHCND:USW00013904,20120829,0,0,0,350,250,-9999,49,30,350,98,125,-9999,-9999,-9999,-9999,-9999,-9999,-9999,-9999,-9999,-9999,-9999,-9999,-9999,-9999,-9999,-9999,-9999,-9999,-9999
GHCND:USW00013904,20120830,0,0,0,372,239,-9999,29,360,360,80,103,-9999,-9999,-9999,-9999,-9999,-9999,-9999,-9999,-9999,-9999,-9999,-9999,-9999,-9999,-9999,-9999,-9999,-9999,-9999
GHCND:USW00013904,20120831,0,0,0,372,217,-9999,31,140,150,125,161,-9999,-9999,-9999,-9999,-9999,-9999,-9999,-9999,-9999,-9999,-9999,-9999,-9999,-9999,-9999,-9999,-9999,-9999,-9999
GHCND:USW00013904,20120901,0,0,0,367,244,-9999,41,150,150,130,156,-9999,-9999,-9999,-9999,-9999,1,-9999,-9999,-9999,-9999,-9999,-9999,-9999,1,-9999,-9999,-9999,-9999,-9999
GHCND:USW00013904,20120902,0,0,0,372,233,-9999,40,210,170,80,134,-9999,-9999,-9999,-9999,-9999,1,-9999,-9999,-9999,-9999,-9999,-9999,-9999,1,-9999,-9999,-9999,-9999,-9999
GHCND:USW00013904,20120903,0,0,0,372,228,-9999,38,180,180,76,98,-9999,-9999,-9999,-9999,-9999,-9999,-9999,-9999,-9999,-9999,-9999,-9999,-9999,-9999,-9999,-9999,-9999,-9999,-9999
GHCND:USW00013904,20120904,0,0,0,383,233,-9999,46,180,230,76,125,-9999,-9999,-9999,-9999,-9999,-9999,-9999,-9999,-9999,-9999,-9999,-9999,-9999,-9999,-9999,1,-9999,-9999,-9999
GHCND:USW00013904,20120905,0,0,0,383,233,-9999,34,180,180,76,98,-9999,-9999,-9999,-9999,-9999,-9999,-9999,-9999,-9999,-9999,-9999,-9999,-9999,-9999,-9999,-9999,-9999,-9999,-9999
GHCND:USW00013904,20120906,0,0,0,383,211,-9999,19,180,170,58,76,-9999,-9999,-9999,-9999,-9999,1,-9999,-9999,-9999,-9999,-9999,-9999,-9999,-9999,-9999,-9999,-9999,-9999,-9999
GHCND:USW00013904,20120907,0,0,0,389,217,-9999,19,180,190,58,72,-9999,-9999,-9999,-9999,-9999,1,-9999,-9999,-9999,-9999,-9999,-9999,-9999,-9999,-9999,-9999,-9999,-9999,-9999
GHCND:USW00013904,20120908,0,0,0,317,183,-9999,60,10,360,116,143,-9999,-9999,-9999,-9999,-9999,-9999,-9999,-9999,-9999,-9999,-9999,-9999,-9999,-9999,-9999,-9999,-9999,-9999,-9999
GHCND:USW00013904,20120909,0,0,0,333,128,-9999,21,30,30,67,94,-9999,-9999,-9999,-9999,-9999,-9999,-9999,-9999,-9999,-9999,-9999,-9999,-9999,-9999,-9999,-9999,-9999,-9999,-9999
GHCND:USW00013904,20120910,0,0,0,339,111,-9999,17,140,50,58,89,-9999,-9999,-9999,-9999,-9999,-9999,-9999,-9999,-9999,-9999,-9999,-9999,-9999,-9999,-9999,-9999,-9999,-9999,-9999
GHCND:USW00013904,20120911,0,0,0,344,133,-9999,17,150,150,89,112,-9999,-9999,-9999,-9999,-9999,-9999,-9999,-9999,-9999,-9999,-9999,-9999,-9999,-9999,-9999,-9999,-9999,-9999,-9999
GHCND:USW00013904,20120912,0,0,0,361,217,-9999,30,140,150,103,130,-9999,-9999,-9999,-9999,-9999,-9999,-9999,-9999,-9999,-9999,-9999,-9999,-9999,-9999,-9999,-9999,-9999,-9999,-9999
GHCND:USW00013904,20120913,20,0,0,300,222,-9999,33,140,130,107,139,-9999,-9999,-9999,-9999,-9999,-9999,-9999,-9999,-9999,-9999,-9999,-9999,-9999,-9999,1,1,-9999,1,-9999
GHCND:USW00013904,20120914,358,0,0,222,194,-9999,37,10,10,67,76,-9999,-9999,-9999,-9999,-9999,1,-9999,-9999,-9999,-9999,-9999,-9999,-9999,1,1,-9999,-9999,-9999,-9999
GHCND:USW00013904,20120915,0,0,0,261,194,-9999,26,10,360,63,76,-9999,-9999,-9999,-9999,-9999,-9999,-9999,-9999,-9999,-9999,-9999,-9999,-9999,-9999,-9999,-9999,-9999,-9999,-9999
GHCND:USW00013904,20120916,328,0,0,222,189,-9999,22,10,80,58,67,-9999,-9999,-9999,-9999,-9999,1,-9999,-9999,-9999,-9999,-9999,-9999,-9999,1,1,-9999,-9999,-9999,-9999
GHCND:USW00013904,20120917,0,0,0,294,183,-9999,15,60,70,45,67,-9999,-9999,-9999,-9999,-9999,1,-9999,-9999,-9999,-9999,-9999,-9999,-9999,1,1,-9999,-9999,-9999,-9999
GHCND:USW00013904,20120918,0,0,0,300,178,-9999,26,30,40,80,112,-9999,-9999,-9999,-9999,-9999,1,-9999,-9999,-9999,-9999,-9999,-9999,-9999,-9999,-9999,-9999,-9999,-9999,-9999
GHCND:USW00013904,20120919,0,0,0,306,150,-9999,8,30,80,36,58,-9999,-9999,-9999,-9999,-9999,-9999,-9999,-9999,-9999,-9999,-9999,-9999,-9999,-9999,-9999,-9999,-9999,-9999,-9999
GHCND:USW00013904,20120920,0,0,0,317,150,-9999,16,170,180,63,72,-9999,-9999,-9999,-9999,-9999,1,-9999,-9999,-9999,-9999,-9999,-9999,-9999,1,-9999,-9999,-9999,-9999,-9999
GHCND:USW00013904,20120921,0,0,0,322,133,-9999,13,190,190,58,67,-9999,-9999,-9999,-9999,-9999,-9999,-9999,-9999,-9999,-9999,-9999,-9999,-9999,-9999,-9999,-9999,-9999,-9999,-9999
GHCND:USW00013904,20120922,0,0,0,322,139,-9999,5,70,90,54,67,-9999,-9999,-9999,-9999,-9999,-9999,-9999,-9999,-9999,-9999,-9999,-9999,-9999,-9999,-9999,-9999,-9999,-9999,-9999
GHCND:USW00013904,20120923,0,0,0,333,161,-9999,12,150,100,40,58,-9999,-9999,-9999,-9999,-9999,-9999,-9999,-9999,-9999,-9999,-9999,-9999,-9999,-9999,-9999,-9999,-9999,-9999,-9999
GHCND:USW00013904,20120924,0,0,0,328,189,-9999,32,170,190,67,98,-9999,-9999,-9999,-9999,-9999,1,-9999,-9999,-9999,-9999,-9999,-9999,-9999,1,-9999,-9999,-9999,-9999,-9999
GHCND:USW00013904,20120925,0,0,0,333,167,-9999,45,180,190,103,134,-9999,-9999,-9999,-9999,-9999,-9999,-9999,-9999,-9999,1,-9999,-9999,-9999,1,-9999,-9999,-9999,-9999,-9999
GHCND:USW00013904,20120926,0,0,0,333,183,-9999,28,140,140,80,103,-9999,-9999,-9999,-9999,-9999,1,-9999,-9999,-9999,-9999,-9999,-9999,-9999,1,-9999,-9999,-9999,-9999,-9999
GHCND:USW00013904,20120927,0,0,0,322,172,-9999,18,150,170,58,76,-9999,-9999,-9999,-9999,-9999,1,-9999,-9999,-9999,-9999,-9999,-9999,-9999,1,-9999,-9999,-9999,-9999,-9999
GHCND:USW00013904,20120928,107,0,0,300,211,-9999,16,160,160,103,125,-9999,-9999,-9999,-9999,-9999,1,-9999,-9999,-9999,-9999,-9999,-9999,-9999,1,1,-9999,-9999,-9999,-9999
GHCND:USW00013904,20120929,394,0,0,283,200,-9999,35,180,320,76,98,-9999,-9999,-9999,-9999,-9999,-9999,-9999,-9999,-9999,-9999,-9999,-9999,-9999,1,1,-9999,-9999,1,-9999
GHCND:USW00013904,20120930,0,0,0,261,156,-9999,59,340,360,103,130,-9999,-9999,-9999,1,-9999,1,-9999,-9999,-9999,-9999,-9999,-9999,-9999,1,1,-9999,-9999,-9999,-9999
GHCND:USW00013904,20121001,0,0,0,289,133,-9999,20,360,340,72,89,-9999,-9999,-9999,-9999,-9999,1,-9999,-9999,-9999,-9999,-9999,-9999,-9999,-9999,-9999,-9999,-9999,-9999,-9999
GHCND:USW00013904,20121002,0,0,0,272,139,-9999,30,10,20,89,116,-9999,-9999,-9999,-9999,-9999,-9999,-9999,-9999,-9999,-9999,-9999,-9999,-9999,-9999,-9999,-9999,-9999,-9999,-9999
GHCND:USW00013904,20121003,0,0,0,289,106,-9999,21,170,160,67,94,-9999,-9999,-9999,-9999,-9999,1,-9999,-9999,-9999,-9999,-9999,-9999,-9999,-9999,-9999,-9999,-9999,-9999,-9999
GHCND:USW00013904,20121004,0,0,0,322,167,-9999,37,160,150,89,116,-9999,-9999,-9999,-9999,-9999,-9999,-9999,-9999,-9999,-9999,-9999,-9999,-9999,-9999,-9999,-9999,-9999,-9999,-9999
GHCND:USW00013904,20121005,0,0,0,317,194,-9999,31,180,200,80,112,-9999,-9999,-9999,-9999,-9999,1,-9999,-9999,-9999,1,-9999,-9999,-9999,1,-9999,-9999,-9999,-9999,-9999
GHCND:USW00013904,20121006,0,0,0,211,133,-9999,57,10,10,107,130,-9999,-9999,-9999,-9999,-9999,1,-9999,-9999,-9999,-9999,-9999,-9999,-9999,-9999,-9999,-9999,-9999,-9999,-9999
GHCND:USW00013904,20121007,0,0,0,150,106,-9999,72,10,30,98,125,-9999,-9999,-9999,-9999,-9999,-9999,-9999,-9999,-9999,-9999,-9999,-9999,-9999,-9999,1,-9999,-9999,-9999,-9999
GHCND:USW00013904,20121008,0,0,0,211,100,-9999,29,20,20,67,76,-9999,-9999,-9999,-9999,-9999,-9999,-9999,-9999,-9999,-9999,-9999,-9999,-9999,-9999,-9999,-9999,-9999,-9999,-9999
GHCND:USW00013904,20121009,0,0,0,278,133,-9999,31,210,210,89,112,-9999,-9999,-9999,-9999,-9999,1,-9999,-9999,-9999,-9999,-9999,-9999,-9999,-9999,-9999,-9999,-9999,-9999,-9999
GHCND:USW00013904,20121010,0,0,0,317,183,-9999,12,150,140,89,107,-9999,-9999,-9999,1,-9999,1,-9999,-9999,-9999,-9999,-9999,-9999,-9999,1,1,-9999,-9999,-9999,-9999
GHCND:USW00013904,20121011,127,0,0,283,200,-9999,25,150,180,107,134,-9999,-9999,-9999,1,-9999,1,-9999,-9999,-9999,-9999,-9999,-9999,-9999,1,1,-9999,-9999,-9999,-9999
GHCND:USW00013904,20121012,0,0,0,306,200,-9999,30,170,180,67,98,-9999,-9999,-9999,-9999,-9999,1,-9999,-9999,-9999,-9999,-9999,-9999,-9999,1,-9999,-9999,-9999,-9999,-9999
GHCND:USW00013904,20121013,13,0,0,294,233,-9999,53,170,180,89,125,-9999,-9999,-9999,-9999,-9999,-9999,-9999,-9999,-9999,-9999,-9999,-9999,-9999,-9999,1,-9999,-9999,1,-9999
GHCND:USW00013904,20121014,15,0,0,306,161,-9999,27,180,180,89,116,-9999,-9999,-9999,-9999,-9999,-9999,-9999,-9999,-9999,-9999,-9999,-9999,-9999,-9999,1,-9999,-9999,1,-9999
GHCND:USW00013904,20121015,0,0,0,267,139,-9999,9,50,70,40,58,-9999,-9999,-9999,-9999,-9999,-9999,-9999,-9999,-9999,-9999,-9999,-9999,-9999,-9999,-9999,-9999,-9999,-9999,-9999
GHCND:USW00013904,20121016,36,0,0,228,156,-9999,19,160,150,67,89,-9999,-9999,-9999,-9999,-9999,1,-9999,-9999,-9999,-9999,-9999,-9999,-9999,1,1,-9999,-9999,-9999,-9999
GHCND:USW00013904,20121017,0,0,0,317,183,-9999,38,190,190,80,107,-9999,-9999,-9999,-9999,-9999,-9999,-9999,-9999,-9999,-9999,-9999,-9999,-9999,1,-9999,-9999,-9999,-9999,-9999
GHCND:USW00013904,20121018,0,0,0,267,94,-9999,40,30,40,80,107,-9999,-9999,-9999,-9999,-9999,-9999,-9999,-9999,-9999,-9999,-9999,-9999,-9999,-9999,-9999,-9999,-9999,-9999,-9999
GHCND:USW00013904,20121019,0,0,0,283,61,-9999,5,90,140,40,58,-9999,-9999,-9999,-9999,-9999,-9999,-9999,-9999,-9999,-9999,-9999,-9999,-9999,-9999,-9999,-9999,-9999,-9999,-9999
GHCND:USW00013904,20121020,0,0,0,311,89,-9999,37,190,180,94,112,-9999,-9999,-9999,-9999,-9999,-9999,-9999,-9999,-9999,-9999,-9999,-9999,-9999,-9999,-9999,-9999,-9999,-9999,-9999
GHCND:USW00013904,20121021,0,0,0,328,239,-9999,60,190,170,103,156,-9999,-9999,-9999,-9999,-9999,-9999,-9999,-9999,-9999,-9999,-9999,-9999,-9999,-9999,-9999,-9999,-9999,-9999,-9999
GHCND:USW00013904,20121022,0,0,0,311,211,-9999,46,140,150,103,125,-9999,-9999,-9999,-9999,-9999,-9999,-9999,-9999,-9999,-9999,-9999,-9999,-9999,-9999,-9999,-9999,-9999,-9999,-9999
GHCND:USW00013904,20121023,0,0,0,306,200,-9999,30,180,180,67,89,-9999,-9999,-9999,-9999,-9999,-9999,-9999,-9999,-9999,-9999,-9999,-9999,-9999,-9999,-9999,-9999,-9999,-9999,-9999
GHCND:USW00013904,20121024,0,0,0,306,167,-9999,32,180,190,80,103,-9999,-9999,-9999,-9999,-9999,-9999,-9999,-9999,-9999,1,-9999,-9999,-9999,1,-9999,-9999,-9999,-9999,-9999
GHCND:USW00013904,20121025,0,0,0,311,172,-9999,46,10,10,112,134,-9999,-9999,-9999,-9999,-9999,-9999,-9999,-9999,-9999,-9999,-9999,-9999,-9999,-9999,-9999,-9999,-9999,-9999,-9999
GHCND:USW00013904,20121026,23,0,0,172,100,-9999,73,10,360,125,139,-9999,-9999,-9999,-9999,-9999,-9999,-9999,-9999,-9999,-9999,-9999,-9999,-9999,-9999,1,-9999,-9999,-9999,-9999
GHCND:USW00013904,20121027,0,0,0,172,72,-9999,50,10,10,89,107,-9999,-9999,-9999,-9999,-9999,-9999,-9999,-9999,-9999,-9999,-9999,-9999,-9999,-9999,-9999,-9999,-9999,-9999,-9999
GHCND:USW00013904,20121028,0,0,0,194,33,-9999,26,30,30,67,94,-9999,-9999,-9999,-9999,-9999,-9999,-9999,-9999,-9999,-9999,-9999,-9999,-9999,-9999,-9999,-9999,-9999,-9999,-9999
GHCND:USW00013904,20121029,0,0,0,217,11,-9999,6,60,60,36,54,-9999,-9999,-9999,-9999,-9999,-9999,-9999,-9999,-9999,-9999,-9999,-9999,-9999,-9999,-9999,-9999,-9999,-9999,-9999
GHCND:USW00013904,20121030,0,0,-9999,250,28,-9999,14,200,190,72,98,-9999,-9999,-9999,-9999,-9999,-9999,-9999,-9999,-9999,-9999,-9999,-9999,-9999,-9999,-9999,-9999,-9999,-9999,-9999
GHCND:USW00013904,20121031,0,0,0,300,83,-9999,11,230,240,54,72,-9999,-9999,-9999,-9999,-9999,1,-9999,-9999,-9999,-9999,-9999,-9999,-9999,-9999,-9999,-9999,-9999,-9999,-9999
GHCND:USW00013904,20121101,0,0,0,306,106,-9999,19,200,180,63,76,-9999,-9999,-9999,-9999,-9999,-9999,-9999,-9999,-9999,1,-9999,-9999,-9999,1,-9999,1,-9999,-9999,-9999
GHCND:USW00013904,20121102,0,0,0,294,128,-9999,28,170,210,72,107,-9999,-9999,-9999,-9999,-9999,1,-9999,-9999,-9999,1,-9999,-9999,-9999,1,-9999,-9999,-9999,-9999,-9999
GHCND:USW00013904,20121103,0,0,0,300,133,-9999,18,130,130,112,143,-9999,-9999,-9999,-9999,-9999,1,-9999,-9999,-9999,1,-9999,-9999,-9999,1,-9999,-9999,-9999,-9999,-9999
GHCND:USW00013904,20121104,0,0,0,278,128,-9999,12,40,30,58,72,-9999,-9999,-9999,-9999,-9999,-9999,-9999,-9999,-9999,-9999,-9999,-9999,-9999,-9999,-9999,-9999,-9999,-9999,-9999
GHCND:USW00013904,20121105,0,0,0,306,117,-9999,21,30,350,76,98,-9999,-9999,-9999,-9999,-9999,1,-9999,-9999,-9999,-9999,-9999,-9999,-9999,1,-9999,-9999,-9999,-9999,-9999
GHCND:USW00013904,20121106,0,0,0,267,72,-9999,17,10,10,63,72,-9999,-9999,-9999,-9999,-9999,-9999,-9999,-9999,-9999,-9999,-9999,-9999,-9999,-9999,-9999,-9999,-9999,-9999,-9999
GHCND:USW00013904,20121107,0,0,0,278,72,-9999,11,90,80,40,54,-9999,-9999,-9999,-9999,-9999,-9999,-9999,-9999,-9999,-9999,-9999,-9999,-9999,-9999,-9999,-9999,-9999,-9999,-9999
GHCND:USW00013904,20121108,0,0,0,294,78,-9999,39,180,190,103,130,-9999,-9999,-9999,-9999,-9999,-9999,-9999,-9999,-9999,1,-9999,-9999,-9999,1,-9999,-9999,-9999,-9999,-9999
GHCND:USW00013904,20121109,0,0,0,294,156,-9999,55,170,170,107,143,-9999,-9999,-9999,-9999,-9999,1,-9999,-9999,-9999,-9999,-9999,-9999,-9999,-9999,-9999,-9999,-9999,-9999,-9999
GHCND:USW00013904,20121110,0,0,0,283,167,-9999,63,180,170,116,156,-9999,-9999,-9999,-9999,-9999,-9999,-9999,-9999,-9999,-9999,-9999,-9999,-9999,-9999,-9999,-9999,-9999,-9999,-9999
GHCND:USW00013904,20121111,0,0,0,283,161,-9999,56,190,190,130,165,-9999,-9999,-9999,-9999,-9999,-9999,-9999,-9999,-9999,-9999,-9999,-9999,-9999,-9999,-9999,-9999,-9999,-9999,-9999
GHCND:USW00013904,20121112,0,0,0,194,28,-9999,56,10,10,107,125,-9999,-9999,-9999,-9999,-9999,-9999,-9999,-9999,-9999,-9999,-9999,-9999,-9999,-9999,-9999,-9999,-9999,-9999,-9999
GHCND:USW00013904,20121113,0,0,0,139,6,-9999,22,80,70,63,80,-9999,-9999,-9999,-9999,-9999,-9999,-9999,-9999,-9999,-9999,-9999,-9999,-9999,-9999,-9999,-9999,-9999,-9999,-9999
GHCND:USW00013904,20121114,0,0,0,194,17,-9999,13,20,40,54,94,-9999,-9999,-9999,-9999,-9999,-9999,-9999,-9999,-9999,-9999,-9999,-9999,-9999,-9999,-9999,-9999,-9999,-9999,-9999
GHCND:USW00013904,20121115,0,0,0,183,11,-9999,6,120,130,36,54,-9999,-9999,-9999,-9999,-9999,-9999,-9999,-9999,-9999,-9999,-9999,-9999,-9999,-9999,-9999,-9999,-9999,-9999,-9999
GHCND:USW00013904,20121116,0,0,0,200,11,-9999,28,30,40,72,112,-9999,-9999,-9999,-9999,-9999,-9999,-9999,-9999,-9999,-9999,-9999,-9999,-9999,-9999,-9999,-9999,-9999,-9999,-9999
GHCND:USW00013904,20121117,0,0,0,206,-6,-9999,6,140,110,40,67,-9999,-9999,-9999,-9999,-9999,-9999,-9999,-9999,-9999,-9999,-9999,-9999,-9999,-9999,-9999,-9999,-9999,-9999,-9999
GHCND:USW00013904,20121118,0,0,0,233,22,-9999,21,160,160,67,98,-9999,-9999,-9999,-9999,-9999,-9999,-9999,-9999,-9999,-9999,-9999,-9999,-9999,-9999,-9999,-9999,-9999,-9999,-9999
GHCND:USW00013904,20121119,0,0,0,244,83,-9999,17,180,160,67,98,-9999,-9999,-9999,-9999,-9999,-9999,-9999,-9999,-9999,-9999,-9999,-9999,-9999,-9999,-9999,-9999,-9999,-9999,-9999
GHCND:USW00013904,20121120,0,0,0,278,72,-9999,7,190,220,45,58,-9999,-9999,-9999,-9999,-9999,1,-9999,-9999,-9999,-9999,-9999,-9999,-9999,1,-9999,-9999,-9999,-9999,-9999
GHCND:USW00013904,20121121,0,0,0,272,78,-9999,17,150,140,58,72,-9999,-9999,-9999,-9999,-9999,1,-9999,-9999,-9999,-9999,-9999,-9999,-9999,1,-9999,-9999,-9999,-9999,-9999
GHCND:USW00013904,20121122,0,0,0,267,56,-9999,27,190,180,94,116,-9999,-9999,-9999,-9999,-9999,-9999,-9999,-9999,-9999,-9999,-9999,-9999,-9999,1,-9999,-9999,-9999,-9999,-9999
GHCND:USW00013904,20121123,0,0,0,233,89,-9999,46,10,360,107,130,-9999,-9999,-9999,-9999,-9999,1,-9999,-9999,-9999,-9999,-9999,-9999,-9999,1,-9999,-9999,-9999,-9999,-9999
GHCND:USW00013904,20121124,0,0,0,183,22,-9999,24,10,10,72,80,-9999,-9999,-9999,-9999,-9999,-9999,-9999,-9999,-9999,-9999,-9999,-9999,-9999,-9999,-9999,-9999,-9999,-9999,-9999
GHCND:USW00013904,20121125,0,0,0,250,22,-9999,38,200,190,103,125,-9999,-9999,-9999,-9999,-9999,-9999,-9999,-9999,-9999,-9999,-9999,-9999,-9999,-9999,-9999,-9999,-9999,-9999,-9999
GHCND:USW00013904,20121126,0,0,0,283,156,-9999,46,200,210,94,116,-9999,-9999,-9999,1,-9999,1,-9999,-9999,-9999,-9999,-9999,-9999,-9999,1,1,-9999,-9999,-9999,-9999
GHCND:USW00013904,20121127,0,0,0,161,6,-9999,49,10,10,107,134,-9999,-9999,-9999,-9999,-9999,-9999,-9999,-9999,-9999,-9999,-9999,-9999,-9999,-9999,1,-9999,-9999,-9999,-9999
GHCND:USW00013904,20121128,0,0,0,206,-6,-9999,11,140,140,45,76,-9999,-9999,-9999,-9999,-9999,1,-9999,-9999,-9999,-9999,-9999,-9999,-9999,-9999,-9999,-9999,-9999,-9999,-9999
GHCND:USW00013904,20121129,0,0,0,228,6,-9999,19,180,210,67,80,-9999,-9999,-9999,-9999,-9999,-9999,-9999,-9999,-9999,1,-9999,-9999,-9999,1,-9999,1,-9999,-9999,-9999
GHCND:USW00013904,20121130,0,0,0,261,144,-9999,26,210,200,72,103,-9999,-9999,-9999,-9999,-9999,-9999,-9999,-9999,-9999,-9999,-9999,-9999,-9999,1,-9999,-9999,-9999,-9999,-9999
GHCND:USW00013904,20121201,0,0,0,289,189,-9999,49,190,210,98,125,-9999,-9999,-9999,-9999,-9999,-9999,-9999,-9999,-9999,-9999,-9999,-9999,-9999,-9999,-9999,-9999,-9999,-9999,-9999
GHCND:USW00013904,20121202,0,0,0,272,189,-9999,47,190,190,89,116,-9999,-9999,-9999,-9999,-9999,-9999,-9999,-9999,-9999,-9999,-9999,-9999,-9999,-9999,-9999,-9999,-9999,-9999,-9999
GHCND:USW00013904,20121203,0,0,0,272,161,-9999,36,190,180,94,116,-9999,-9999,-9999,-9999,-9999,-9999,-9999,-9999,-9999,-9999,-9999,-9999,-9999,-9999,-9999,-9999,-9999,-9999,-9999
GHCND:USW00013904,20121204,3,0,0,256,128,-9999,23,10,10,80,98,-9999,-9999,-9999,-9999,-9999,1,-9999,-9999,-9999,-9999,-9999,-9999,-9999,1,1,-9999,-9999,-9999,-9999
GHCND:USW00013904,20121205,0,0,0,228,56,-9999,28,360,10,67,80,-9999,-9999,-9999,-9999,-9999,-9999,-9999,-9999,-9999,-9999,-9999,-9999,-9999,-9999,-9999,-9999,-9999,-9999,-9999
GHCND:USW00013904,20121206,0,0,0,233,44,-9999,21,180,180,76,98,-9999,-9999,-9999,-9999,-9999,1,-9999,-9999,-9999,1,-9999,-9999,-9999,1,-9999,-9999,-9999,-9999,-9999
GHCND:USW00013904,20121207,0,0,0,256,100,-9999,21,170,180,63,89,-9999,-9999,-9999,1,-9999,1,-9999,-9999,-9999,1,-9999,-9999,-9999,1,-9999,-9999,-9999,-9999,-9999
GHCND:USW00013904,20121208,0,0,0,283,133,-9999,26,190,190,72,94,-9999,-9999,-9999,-9999,-9999,1,-9999,-9999,-9999,-9999,-9999,-9999,-9999,1,-9999,-9999,-9999,-9999,-9999
GHCND:USW00013904,20121209,0,0,0,261,128,-9999,49,20,20,107,139,-9999,-9999,-9999,-9999,-9999,-9999,-9999,-9999,-9999,-9999,-9999,-9999,-9999,1,1,-9999,-9999,1,-9999
GHCND:USW00013904,20121210,0,0,0,133,11,-9999,65,340,350,134,183,-9999,-9999,-9999,-9999,-9999,-9999,-9999,-9999,-9999,-9999,-9999,-9999,-9999,-9999,-9999,-9999,-9999,-9999,-9999
GHCND:USW00013904,20121211,0,0,0,122,-39,-9999,17,40,40,54,89,-9999,-9999,-9999,-9999,-9999,-9999,-9999,-9999,-9999,-9999,-9999,-9999,-9999,-9999,-9999,-9999,-9999,-9999,-9999
GHCND:USW00013904,20121212,0,0,0,167,-56,-9999,8,180,170,54,72,-9999,-9999,-9999,-9999,-9999,-9999,-9999,-9999,-9999,-9999,-9999,-9999,-9999,-9999,-9999,-9999,-9999,-9999,-9999
GHCND:USW00013904,20121213,0,0,0,206,-50,-9999,22,150,150,72,94,-9999,-9999,-9999,-9999,-9999,-9999,-9999,-9999,-9999,-9999,-9999,-9999,-9999,-9999,-9999,-9999,-9999,-9999,-9999
GHCND:USW00013904,20121214,0,0,0,222,133,-9999,51,150,180,103,139,-9999,-9999,-9999,-9999,-9999,-9999,-9999,-9999,-9999,-9999,-9999,-9999,-9999,-9999,-9999,-9999,-9999,-9999,-9999
GHCND:USW00013904,20121215,8,0,0,233,117,-9999,13,180,180,76,94,-9999,-9999,-9999,-9999,-9999,1,-9999,-9999,-9999,-9999,-9999,-9999,-9999,1,1,-9999,-9999,-9999,-9999
GHCND:USW00013904,20121216,107,0,0,233,67,-9999,17,330,310,72,116,-9999,-9999,-9999,-9999,-9999,-9999,-9999,-9999,-9999,-9999,-9999,-9999,-9999,1,1,-9999,-9999,1,-9999
GHCND:USW00013904,20121217,0,0,0,233,33,-9999,21,320,300,72,94,-9999,-9999,-9999,-9999,-9999,-9999,-9999,-9999,-9999,-9999,-9999,-9999,-9999,-9999,-9999,-9999,-9999,-9999,-9999
GHCND:USW00013904,20121218,0,0,0,272,6,-9999,33,200,190,94,112,-9999,-9999,-9999,-9999,-9999,-9999,-9999,-9999,-9999,-9999,-9999,-9999,-9999,-9999,-9999,-9999,-9999,-9999,-9999
GHCND:USW00013904,20121219,0,0,0,289,189,-9999,60,190,170,125,165,-9999,-9999,-9999,-9999,1,1,-9999,-9999,-9999,-9999,-9999,-9999,-9999,1,-9999,1,-9999,-9999,-9999
GHCND:USW00013904,20121220,0,0,0,222,-11,-9999,72,330,330,143,183,-9999,-9999,-9999,-9999,1,-9999,-9999,-9999,-9999,-9999,-9999,-9999,-9999,-9999,-9999,-9999,-9999,-9999,-9999
GHCND:USW00013904,20121221,0,0,0,161,-56,-9999,18,180,180,58,72,-9999,-9999,-9999,-9999,-9999,-9999,-9999,-9999,-9999,-9999,-9999,-9999,-9999,-9999,-9999,-9999,-9999,-9999,-9999
GHCND:USW00013904,20121222,0,0,0,206,-22,-9999,31,180,180,103,130,-9999,-9999,-9999,-9999,-9999,-9999,-9999,-9999,-9999,-9999,-9999,-9999,-9999,-9999,-9999,-9999,-9999,-9999,-9999
GHCND:USW00013904,20121223,0,0,0,211,106,-9999,37,220,210,89,112,-9999,-9999,-9999,-9999,-9999,-9999,-9999,-9999,-9999,-9999,-9999,-9999,-9999,-9999,-9999,-9999,-9999,-9999,-9999
GHCND:USW00013904,20121224,0,0,0,189,33,-9999,27,20,20,76,98,-9999,-9999,-9999,-9999,-9999,1,-9999,-9999,-9999,-9999,-9999,-9999,-9999,-9999,1,-9999,-9999,-9999,-9999
GHCND:USW00013904,20121225,0,0,0,206,6,-9999,60,310,290,125,192,-9999,-9999,-9999,-9999,-9999,-9999,-9999,-9999,-9999,-9999,-9999,-9999,-9999,-9999,1,1,-9999,-9999,-9999
GHCND:USW00013904,20121226,0,0,0,72,-44,-9999,44,340,340,103,139,-9999,-9999,-9999,-9999,-9999,-9999,-9999,-9999,-9999,-9999,-9999,-9999,-9999,-9999,-9999,-9999,-9999,-9999,-9999
GHCND:USW00013904,20121227,0,0,0,72,-61,-9999,8,10,80,36,58,-9999,-9999,-9999,1,-9999,1,-9999,-9999,-9999,1,-9999,-9999,-9999,-9999,1,-9999,-9999,-9999,-9999
GHCND:USW00013904,20121228,3,0,0,172,6,-9999,43,310,320,94,134,-9999,-9999,-9999,1,-9999,1,-9999,-9999,-9999,1,-9999,-9999,-9999,1,-9999,-9999,-9999,-9999,-9999
GHCND:USW00013904,20121229,0,0,0,106,-33,-9999,17,360,10,67,80,-9999,-9999,-9999,-9999,-9999,-9999,-9999,-9999,-9999,-9999,-9999,-9999,-9999,-9999,-9999,-9999,-9999,-9999,-9999
GHCND:USW00013904,20121230,0,0,-9999,117,-61,-9999,17,130,150,58,72,-9999,-9999,-9999,1,-9999,-9999,-9999,-9999,-9999,-9999,-9999,-9999,-9999,1,-9999,-9999,-9999,-9999,-9999
GHCND:USW00013904,20121231,91,0,0,156,78,-9999,15,140,140,63,76,-9999,-9999,-9999,1,-9999,1,-9999,-9999,-9999,-9999,-9999,-9999,-9999,1,1,-9999,-9999,-9999,-9999
